聯發科技股份有限公司及子公司
合併綜合損益表
民國一一一年一月一日至九月三十日
及民國一一○年一月一日至九月三十日
(僅經核閱，未依一般公認審計準則查核)
(金額除每股盈餘外，均以新台幣仟元為單位)

一一一年第三季
代碼

項

目

附

4000 營業收入

六.21及七

5000 營業成本

六.7、六.24及七

註

金
$

5900 營業毛利

6000 營業費用

額

一一○年第三季
金

%

142,161,276

100

(72,065,867)
70,095,409

$

額

一一一年前三季
金

%

131,074,320

100

(51)

(69,858,213)

49

61,216,107

$

額

一一○年前三季
金

%

440,601,946

100

(53)

(221,958,877)

47

218,643,069

$

額

%

364,760,705

100

(50)

(196,985,777)

(54)

50

167,774,928

46

(4)

六.22、六.23、六.24及七

6100

推銷費用

(3,526,557)

(3)

(5,082,876)

(4)

(10,571,866)

(3)

(12,374,241)

6200

管理費用

(3,405,911)

(2)

(2,489,294)

(2)

(10,539,212)

(2)

(7,432,129)

(2)

6300

研究發展費用

(30,105,923)

(21)

(24,364,106)

(19)

(88,827,171)

(20)

(69,670,037)

(19)

6450

預期信用減損(損失)利益
營業費用合計

6900 營業利益

(2,988)

-

7,060

-

(2,623)

-

20,582

-

(37,041,379)

(26)

(31,929,216)

(25)

(109,940,872)

(25)

(89,455,825)

(25)

33,054,030

23

29,286,891

22

108,702,197

25

78,319,103

21

7000 營業外收入及支出
7100

利息收入

六.25

908,318

1

375,115

-

1,882,409

-

1,258,538

-

7010

其他收入

六.26及七

962,996

1

1,768,480

2

2,166,617

1

3,271,784

1

7020

其他利益及損失

六.27

715,656

-

305,942

-

976,384

-

9,573,565

3

7050

財務成本

六.28

(118,494)

-

(72,555)

-

(263,288)

-

(155,207)

-

7060

採用權益法認列之關聯企業及合資損益之份額

六.9

73,982

-

526,103

-

1,039,588

-

584,949

-

2,542,458

2

2,903,085

2

5,801,710

1

14,533,629

4

35,596,488

25

32,189,976

24

114,503,907

26

92,852,732

25

(4,511,127)

(3)

(3,828,825)

(3)

(14,393,288)

(3)

(11,127,699)

(3)

31,085,361

22

28,361,151

21

100,110,619

23

81,725,033

22

營業外收入及支出合計

7900 稅前淨利
7950 所得稅費用

四及六.30

8200 本期淨利

8300 其他綜合損益
8310

四、六.9、六.29及六.30

不重分類至損益之項目

8316

透過其他綜合損益按公允價值衡量之權益工具投資
未實現評價損益

(5,105,235)

(4)

1,735,764

2

(9,523,538)

(2)

6,073,069

2

8320

採用權益法認列之關聯企業及合資之其他綜合損益
之份額

(6,989,418)

(5)

(19,817,593)

(15)

(26,628,085)

(6)

(1,518,181)

-

295,107

-

132,656

-

1,079,299

-

158,042

-

8349
8360

與不重分類項目相關之所得稅
後續可能重分類至損益之項目

8361

國外營運機構財務報表換算之兌換差額

16,498,346

12

(13,658)

-

33,547,631

8

(4,813,492)

(1)

8367

透過其他綜合損益按公允價值衡量之債務工具投資
未實現評價損益

(17,101)

-

(2,492)

-

(42,690)

-

(1,440)

-

8370

採用權益法認列之關聯企業及合資之其他綜合損益
之份額

(1,757,966)

(1)

47,426

-

(3,402,564)

(1)

578,028

-

2,923,733

2

(17,917,897)

(13)

(4,969,947)

(1)

476,026

1

$

34,009,094

24

$

10,443,254

8

$

95,140,672

22

$

82,201,059

23

$

30,954,628

$

28,287,255

$

99,653,029

$

81,370,160

本期其他綜合損益(稅後淨額)

8500 本期綜合損益總額

8600 淨利歸屬於：
8610

母公司業主

六.31

8620

非控制權益

六.19

130,733

73,896

457,590

354,873

$

31,085,361

$

28,361,151

$

100,110,619

$

81,725,033

$

33,840,492

$

10,369,259

$

94,645,930

$

81,856,255

8700 綜合損益總額歸屬於：
8710

母公司業主

8720

非控制權益

168,602

9750 基本每股盈餘(元)
9710

494,742

344,804

$

34,009,094

$

10,443,254

$

95,140,672

$

82,201,059

$

19.54

$

17.92

$

62.95

$

51.57

$

19.47

$

17.85

$

62.63

$

51.29

六.31

本期淨利

9850 稀釋每股盈餘(元)
9810

73,995

六.31

本期淨利

(請參閱合併財務報表附註)

董事長：蔡明介

經理人：蔡力行

-6-

會計主管：顧大為

