中華電信股份有限公司及其子公司
合併綜合損益表
民 國 1 1 1 年 及 1 10 年 7 月 1 日 至 9 月 3 0 日 以 及 民 國 1 1 1 年 及 1 10 年 1 月 1 日 至 9 月 3 0 日
（僅經核閱，未依一般公認審計準則查核）
單位：新台幣仟元，惟
每股盈餘為元

代 碼
4000
5000

營業收入（附註二九、三七及四三）

金
$

111年7月1日至9月30日
額
％
53,507,811
100

金
$

110年7月1日至9月30日
額
％
50,885,502
100

111年1月1日至9月30日
金
額
％
$ 157,238,260
100

110年1月1日至9月30日
金
額
％
$ 150,587,632
100

營業成本（附註十、二七、二九、三十、三七及
四三）

33,174,844

62

32,045,819

63

97,211,557

62

94,996,966

63

5900

營業毛利

20,332,967

38

18,839,683

37

60,026,703

38

55,590,666

37

6100
6200
6300
6450
6000

營業費用（附註九、二七、三十、三七及四三）
推銷費用
管理費用
研究發展費用
預期信用減損損失
營業費用合計

5,605,147
1,540,159
982,736
21,517
8,149,559

10
3
2
15

5,133,627
1,223,057
935,528
100,706
7,392,918

10
2
2
14

16,641,971
4,630,572
2,785,315
95,102
24,152,960

10
3
2
15

15,063,012
3,805,637
2,703,773
187,601
21,760,023

10
2
2
14

6500

其他收益及費損淨額（附註三十）

1,571 )

-

4,904 )

-

6,013 )

-

2,114 )

-

6900

營業淨利

12,181,837

23

11,441,861

23

35,867,730

23

33,828,529

23

58,013
68,626
118,066 )
69,312 )

-

27,717
210,946
411,087
56,089 )

1
-

146,294
322,537
163,661 )
190,264 )

-

74,071
301,795
669,930
161,831 )

-

85,157
24,418

-

65,996
659,657

1

400,910
515,816

-

174,314
1,058,279

-

(

(

(

(

7000

營業外收入及支出
利息收入
其他收入（附註三十及三七）
其他利益及損失（附註三十、三六及三七）
利息費用（附註十六、三十及三七）
採用權益法認列關聯企業及合資損益之份額
（附註十四）
營業外收入及支出合計

7900

稅前淨利

12,206,255

23

12,101,518

24

36,383,546

23

34,886,808

23

7950

所得稅費用（附註三及三一）

2,430,125

5

2,368,741

5

7,180,947

4

6,762,940

4

8200

本期淨利

9,776,130

18

9,732,777

19

29,202,599

19

28,123,868

19

4,192 )

-

240,364 )

-

127,988 )

-

(

1,250,774 )

20,052

-

4,683

-

21,038

-

(

11,082 )

2,382
18,242

-

(

235,681 )

-

3,906
103,044 )

-

(

758
1,261,098 )

187,978

-

(

15,890 )

-

339,824

-

(

63,445 )

-

2,948
190,926
209,168

-

(
(
(

2)
15,892 )
251,573 )

-

4,535
344,359
241,315

-

(
(
(

1,145 )
64,590 )
1,325,688 )

1)

7100
7190
7020
7510
7060

8316

8317
8320

其他綜合損益
不重分類至損益之項目：
透過其他綜合損益按公允價值衡量之權
益工具投資未實現評價損益（附註二
八及三六）
適用基礎調整之避險工具損益（附註二
十）
採用權益法認列關聯企業及合資之其他
綜合損益份額（附註十四）

(
(

(

8310
8361
8370
8360
8300
8500

8610
8620
8600
8710
8720
8700
9710
9810

後續可能重分類至損益之項目：
國外營運機構財務報表換算之兌換差額
採用權益法認列關聯企業及合資之其他
綜合損益份額（附註十四）
其他綜合損益淨額

(

(

(
(

(

(

(

(

1)
-

(

(

1)

本期綜合損益總額

$

9,985,298

18

$

9,481,204

19

$

29,443,914

19

$

26,798,180

18

淨利歸屬於：
母公司業主
非控制權益

$

9,359,249
416,881
9,776,130

17
1
18

$

9,366,784
365,993
9,732,777

18
1
19

$

28,075,670
1,126,929
29,202,599

18
1
19

$

27,119,256
1,004,612
28,123,868

18
1
19

17
1
18

$

18
1
19

$

28,303,690
1,140,224
29,443,914

18
1
19

$

$

9,119,447
361,757
9,481,204

$

$

9,554,578
430,720
9,985,298

$

25,798,842
999,338
26,798,180

17
1
18

$
$

1.21
1.21

$
$

1.21
1.21

$
$

3.62
3.62

$
$

3.50
3.49

$
綜合損益總額歸屬於：
母公司業主
非控制權益

每股盈餘（附註三二）
基
本
稀
釋

$

$

$

後附之附註係本合併財務報告之一部分。

董事長：謝繼茂

經理人：郭水義

會計主管：陳淑玲

-5-

$

