聯華電子股份有限公司及子公司
合 併 資 產 負 債 表
民國一一二年九月三十日、一一一年十二月三十一日及一一一年九月三十日
(金額均以新臺幣千元為單位)

代 碼
1100
1110
1120
1136
1140
1150
1170
1180
1200
1220
130X
1410
1470
11XX

資
產
流動資產
現金及約當現金
透過損益按公允價值衡量之金融資產-流動
透過其他綜合損益按公允價值衡量之金融資產-流動
按攤銷後成本衡量之金融資產-流動
合約資產-流動
應收票據
應收帳款淨額
應收帳款-關係人淨額
其他應收款
本期所得稅資產
存貨淨額
預付款項
其他流動資產
流動資產合計

1510
1517
1535
1550
1600
1755
1780
1840
1915
1920
1990
15XX

非流動資產
透過損益按公允價值衡量之金融資產-非流動
透過其他綜合損益按公允價值衡量之金融資產-非流動
按攤銷後成本衡量之金融資產-非流動
採用權益法之投資
不動產、廠房及設備
使用權資產
無形資產
遞延所得稅資產
預付設備款
存出保證金
其他非流動資產-其他
非流動資產合計

1XXX 資產總計

附
四及六.1
四、五及六.2
四、五及六.3
四及六.4
四及六.21
四
四及六.5
四及七
四
四
四、五及六.6

一一二年九月三十日
金
額
％

註
$

六.21

四、五及六.2
四、五及六.3
四及六.4
四、六.7及七
四、六.8及八
四、六.9及八
四、六.10及七
四
八

$

一一一年十二月三十一日
金
額
％

一一一年九月三十日
金
額
％

140,641,550
431,180
4,707,310
71,492
563,741
615
30,404,235
700,266
2,182,882
87,405
36,560,576
1,943,208
985,762
219,280,222

25.70
0.08
0.86
0.01
0.10
0.00
5.56
0.13
0.40
0.02
6.68
0.35
0.18
40.07

$ 173,818,777
705,918
3,213,057
861,817
373,318
36,444,510
530,577
1,807,999
40,256
31,069,960
2,783,945
720,904
252,371,038

32.61
0.13
0.60
0.16
0.07
6.84
0.10
0.34
0.01
5.83
0.52
0.13
47.34

$ 180,649,140
674,821
2,446,101
896,103
384,060
43,586,419
1,255,658
1,615,226
18,930
30,101,698
2,573,697
2,742,785
266,944,638

34.78
0.13
0.47
0.17
0.08
8.39
0.24
0.31
0.00
5.80
0.50
0.53
51.40

16,156,040
11,291,959
278,891
43,163,604
212,366,797
7,278,723
3,982,402
5,081,978
20,557,370
2,733,780
5,099,190
327,990,734

2.95
2.06
0.05
7.89
38.80
1.33
0.73
0.93
3.76
0.50
0.93
59.93

17,784,651
11,976,543
7,491
35,086,289
170,982,066
7,611,991
4,275,200
5,051,369
19,439,559
2,749,691
5,716,204
280,681,054

3.34
2.25
0.00
6.58
32.08
1.43
0.80
0.95
3.65
0.51
1.07
52.66

18,662,043
10,347,617
16,277
32,909,670
149,118,651
7,902,894
4,200,891
5,127,554
16,427,894
2,757,248
4,978,543
252,449,282

3.59
1.99
0.00
6.34
28.71
1.52
0.81
0.99
3.16
0.53
0.96
48.60

547,270,956

100.00

$ 533,052,092

100.00

$ 519,393,920

100.00

(接下頁)
5

