中華電信股份有限公司及其子公司
合併綜合損益表
民 國 112 年 及 111 年 7 月 1 日 至 9 月 30 日 以 及 民 國 112 年 及 111 年 1 月 1 日 至 9 月 30 日
單位：新台幣仟元，惟
每股盈餘為元

金
$

112年7月1日至9月30日
額
％
53,657,946
100

112年1月1日至9月30日
金
額
％
$ 161,332,502
100

111年1月1日至9月30日
金
額
％
$ 157,238,260
100

營業收入（附註二九、三七及四二）

5000

營業成本（附註十、二七、三十及三七）

33,842,100

63

33,174,844

62

100,548,189

62

97,211,557

62

5900

營業毛利

19,815,846

37

20,332,967

38

60,784,313

38

60,026,703

38

6100
6200
6300
6450
6000

營業費用（附註九、二七、三十及三七）
推銷費用
管理費用
研究發展費用
預期信用減損損失
營業費用合計

5,874,113
1,509,781
953,000
14,338
8,351,232

11
3
2
16

5,605,147
1,540,159
982,736
21,517
8,149,559

10
3
2
15

17,149,826
4,797,693
2,854,258
85,147
24,886,924

11
3
2
16

16,641,971
4,630,572
2,785,315
95,102
24,152,960

10
3
2
15

6500

其他收益及費損淨額（附註三十）

165 )

-

1,571 )

-

1,462

-

6,013 )

-

6900

營業淨利

11,464,449

21

12,181,837

23

35,898,851

22

35,867,730

23

136,526
76,840
75,957 )
80,237 )

-

58,013
68,626
118,066 )
69,312 )

-

455,069
325,769
228,718 )
233,310 )

-

146,294
322,537
163,661 )
190,264 )

-

115,860
173,032

-

85,157
24,418

-

339,473
658,283

-

400,910
515,816

-

(

金
$

111年7月1日至9月30日
額
％
53,507,811
100

代 碼
4000

(

(

7000

營業外收入及支出
利息收入
其他收入（附註三十及三七）
其他利益及損失（附註三十、三六及三七）
利息費用（附註十六、三十及三七）
採用權益法認列關聯企業及合資損益之份額
（附註十四）
營業外收入及支出合計

7900

稅前淨利

11,637,481

21

12,206,255

23

36,557,134

22

36,383,546

23

7950

所得稅費用（附註三及三一）

2,258,007

4

2,430,125

5

7,097,925

4

7,180,947

4

8200

本期淨利

9,379,474

17

9,776,130

18

29,459,209

18

29,202,599

19

110,893

-

4,192 )

-

547,814

-

127,988 )

-

(

13,467 )

-

20,052

-

16,426 )

-

21,038

-

(

164 )
97,262

-

2,382
18,242

-

7,488
538,876

-

3,906
103,044 )

-

95,388

-

187,978

-

102,203

-

339,824

-

4,134
99,522
196,784

-

2,948
190,926
209,168

-

6,254
108,457
647,333

-

4,535
344,359
241,315

-

7100
7190
7020
7510
7060

8316

8317
8320

其他綜合損益
不重分類至損益之項目：
透過其他綜合損益按公允價值衡量之權
益工具投資未實現評價損益（附註二
八及三六）
適用基礎調整之避險工具損益（附註二
十）
採用權益法認列關聯企業及合資之其他
綜合損益份額（附註十四）

(
(

8310

8361
8370
8360
8300
8500

8610
8620
8600

8710
8720
8700

9710
9810

後續可能重分類至損益之項目：
國外營運機構財務報表換算之兌換差額
採用權益法認列關聯企業及合資之其他
綜合損益份額（附註十四）
其他綜合損益淨額

(
(

(

(
(

(

(
(

(

(

本期綜合損益總額

$

9,576,258

17

$

9,985,298

18

$

30,106,542

18

$

29,443,914

19

淨利歸屬於：
母公司業主
非控制權益

$

9,094,604
284,870
9,379,474

16
1
17

$

9,359,249
416,881
9,776,130

17
1
18

$

28,659,133
800,076
29,459,209

18
18

$

28,075,670
1,126,929
29,202,599

18
1
19

16
1
17

$

17
1
18

$

29,311,597
794,945
30,106,542

18
18

$

$

9,554,578
430,720
9,985,298

$

$

9,296,017
280,241
9,576,258

$

28,303,690
1,140,224
29,443,914

18
1
19

$
$

1.17
1.17

$
$

1.21
1.21

$
$

3.69
3.69

$
$

3.62
3.62

$
綜合損益總額歸屬於：
母公司業主
非控制權益

每股盈餘（附註三二）
基
本
稀
釋

$

$

$

後附之附註係本合併財務報告之一部分。

董事長：郭水義

經理人：林昭陽

會計主管：陳淑玲

- 5 -

$

