聯發科技股份有限公司及子公司
合併權益變動表
民國一一二年一月一日至九月三十日
及民國一一一年一月一日至九月三十日
(金額均以新台幣仟元為單位)
歸屬於母公司業主之權益
股

本

保 留 盈 餘

其他權益
透過其他綜合損益
國外營運機構
按公允價值衡量之
財務報表換算
金融資產未實現
之兌換差額
評價(損)益
$ (13,474,837)
$
72,222,376

其他
(5,090,942)

庫藏股票
$
(55,970)

歸屬於母公司
業主權益總計
$ 432,015,296

-

-

-

(91,147,046)
(91,147,046)

-

(91,147,046)
(91,147,046)

-

-

-

-

(25,585,136)

-

(25,585,136)

99,653,029
99,653,029

30,107,915
30,107,915

(35,115,014)
(35,115,014)

-

-

99,653,029
(5,007,099)
94,645,930

457,590
37,152
494,742

100,110,619
(4,969,947)
95,140,672

$

16,347
1,541,741
250,655,294

$

16,633,078

$

(1,541,741)
35,565,621

$

2,359,873
(2,731,069)

$

(55,970)

$

34,164
568,977
2,932,108
8,637,434
(33,747)
3,330,474
29,615
425,428,069

$

300,357
781,621
534,551
(848,790)
2,895,079

$

334,521
568,977
2,932,108
9,419,055
500,804
3,330,474
29,615
(848,790)
428,323,148

$

286,688,675

$

7,359,676

$

23,079,555

$

(2,200,891)

$

(55,970)

$

440,109,290

$

2,948,949

$

443,058,239

普通股股本
$
15,988,420

預收股本
$
483

資本公積
$
59,776,045

法定盈餘公積
$
50,217,220

未分配盈餘
$ 252,432,501

-

-

-

11,841,278
11,841,278

(11,841,278)
(91,147,046)
(102,988,324)

-

資本公積配發現金股利

-

-

(25,585,136)

-

-

民國一一一年前三季淨利
民國一一一年前三季其他綜合損益
本期綜合損益總額

-

-

-

-

$

1,067
3,609
15,993,096

$

1,046
1,529

$

32,051
568,977
2,932,108
8,637,434
(33,747)
950,645
29,615
47,307,992

$

62,058,498

$

15,994,353

$

113

$

47,185,281

$

62,058,498

項
民國一一一年一月一日餘額
盈餘指撥及分配：
提列法定盈餘公積
普通股現金股利
盈餘指撥及分配合計

目

股份基礎給付交易
發放予子公司股利調整資本公積
採用權益法認列之關聯企業及合資之變動數
實際取得或處分子公司股權價格與帳面價值差額
對子公司所有權權益變動
限制員工權利新股
其他資本公積變動
處分透過其他綜合損益按公允價值衡量之權益工具
非控制權益
民國一一一年九月三十日餘額
民國一一二年一月一日餘額
盈餘指撥及分配：
提列法定盈餘公積
普通股現金股利
盈餘指撥及分配合計

$

$

非控制權益
1,632,598

$

權益總額
433,647,894

-

-

-

13,724,450
13,724,450

(13,724,450)
(99,178,441)
(112,902,891)

-

-

-

-

(99,178,441)
(99,178,441)

-

(99,178,441)
(99,178,441)

資本公積配發現金股利

-

-

(22,395,132)

-

-

-

-

-

-

(22,395,132)

-

(22,395,132)

民國一一二年前三季淨利
民國一一二年前三季其他綜合損益
本期綜合損益總額

-

-

-

-

51,315,980
51,315,980

10,664,154
10,664,154

9,489,076
9,489,076

-

-

51,315,980
20,153,230
71,469,210

161,849
(3,337)
158,512

51,477,829
20,149,893
71,627,722

663
55
15,995,071

1,497
1,610

23,742
592,402
17,228
31,328
98,988
25,553,837

75,782,948

9,241
1,330,318
226,441,323

18,023,830

(1,330,318)
31,238,313

1,482,574
(718,317)

(55,970)

25,902
592,402
17,228
1,523,198
98,988
392,262,645

110,524
4,453
(513,999)
2,708,439

136,426
592,402
21,681
1,523,198
98,988
(513,999)
394,971,084

股份基礎給付交易
發放予子公司股利調整資本公積
採用權益法認列之關聯企業及合資之變動數
限制員工權利新股
其他資本公積變動
處分透過其他綜合損益按公允價值衡量之權益工具
非控制權益
民國一一二年九月三十日餘額

$

$

$

$

$

$

$

$

$

$

$

(請參閱合併財務報表附註)
董事長：蔡明介

經理人：蔡力行

-7-

會計主管：顧大為

$

