智邦科技股份有限公司及子公司
合併資產負債表
民 國 112 年 3 月 31 日 暨 111 年 12 月 31 日 及 3 月 31 日
單位：新台幣仟元

代

碼

1100
1110
1120
1136
1170
1180
1200
1210
130X
1410
1470
11XX

1510
1517
1550
1600
1755
1805
1821
1840
1915
1920
1980
1990
15XX

資
產
流動資產
現金及約當現金（附註六及三一）
透過損益按公允價值衡量之金融資產－流動
（附註七及三一）
透過其他綜合損益按公允價值衡量之金融資產
－流動（附註八及三一）
按攤銷後成本衡量之金融資產－流動（附註九
及三一）
應收票據及帳款淨額（附註十及三一）
應收帳款－關係人淨額（附註三一及三二）
其他應收款（附註十及三一）
其他應收款－關係人（附註三一及三二）
存貨（附註十一）
預付款項（附註十八及三二）
其他流動資產－其他
流動資產總計
非流動資產
透過損益按公允價值衡量之金融資產－非流動
（附註七及三一）
透過其他綜合損益按公允價值衡量之金融資產
－非流動（附註八及三一）
採用權益法之投資（附註十三）
不動產、廠房及設備（附註十四及二五）
使用權資產（附註十五）
商譽（附註十六）
無形資產（附註十七）
遞延所得稅資產（附註四及二六）
預付設備款
存出保證金（附註三一）
其他金融資產－非流動（附註十八、三一及三
三）
其他非流動資產－其他（附註十八）
非流動資產總計

金

112 年 3 月 31 日
（經核閱）
額
％

金

111 年 12 月 31 日
（經查核）
額
％

金

111 年 3 月 31 日
（經核閱）
額
％

代

$ 10,337,159

22

$ 8,695,372

19

$ 6,669,623

18

365,467

1

218,035

-

35,032

-

258,238

1

183,224

-

232,071

1

5,377,736
11,747,520
785
482,032
8,963
12,916,110
265,693
18,341
41,778,044

12
25
1
28
1
91

5,918,726
13,138,205
1,143
581,505
9,223
12,788,108
341,067
8,153
41,882,761

13
29
1
28
1
91

391,274
10,264,884
374,643
8,922
14,543,626
160,160
12,650
32,692,885

1
28
1
40
1
90

108,102

-

108,999

-

230,749

1

22,472
10,336
1,911,455
1,567,748
1,930
154,155
100,086
138,867
121,025

4
4
1
-

22,472
10,387
1,804,418
1,641,644
1,930
165,985
151,492
77,114
80,835

4
4
1
-

11,299
1,442,170
1,654,089
1,930
108,401
52,532
34,965
72,554

4
5
-

80,524
3,149
4,219,849

9

79,419
33,353
4,178,048

9

79,419
3,688,108

碼

2365
21XX

負
債
及
權
益
流動負債
短期借款（附註十九及三一）
合約負債－流動（附註二四）
應付票據及帳款（附註三一）
應付員工及董事酬勞（附註二五）
應付工程及設備款（附註三一）
其他應付款（附註二十及三一）
其他應付款－關係人（附註三一及三二）
本期所得稅負債（附註四及二六）
負債準備－流動（附註二一）
租賃負債－流動（附註十五）
遞延收入－流動（附註十九及二九）
一年內到期之長期借款（附註十九、二九及三
一）
退款負債－流動（附註二四）
流動負債總計

2540
2570
2580
2630
2640
2645
25XX

非流動負債
長期借款（附註十九、二九及三一）
遞延所得稅負債
租賃負債－非流動（附註十五）
遞延收入－非流動（附註十九及二九）
淨確定福利負債－非流動（附註四及二二）
存入保證金（附註三一）
非流動負債總計

2100
2130
2170
2206
2213
2219
2220
2230
2250
2280
2313
2320

2XXX

3110
3200

10

3310
3320
3350
3300
3400
3500
3XXX

1XXX

資

產

總

$ 45,997,893

計

100

$ 46,060,809

100

$ 36,380,993

100

金
$

負債總計
權益（附註二三及二八）
股
本
普通股股本
資本公積
保留盈餘
法定盈餘公積
特別盈餘公積
未分配盈餘
保留盈餘總計
其他權益
庫藏股票
權益總計
負 債 及 權 益 總 計

(
(

112 年 3 月 31 日
（經核閱）
額
％
28,208
928,124
12,713,404
1,886,494
60,568
2,228,105
2,508,090
261,545
199,438
8,555

2
28
4
5
5
1
-

300,557
150,902
21,273,990

1
46

925,558
145,940
21,567,677

759,273
271,459
1,138,725
12,001
6,744
824
2,189,026

2
1
2
5

23,463,016

2
29
4
6
4
1
-

2
47

250,465
100,448
17,179,875

1
47

2,605,332
268,380
1,167,014
15,703
7,726
816
4,064,971

6
1
2
9

935,871
1,188,826
31,617
28,816
816
2,185,946

3
3
6

51

25,632,648

56

19,365,821

53

5,601,589
857,627

12
2

5,601,399
857,568

12
2

5,600,484
844,028

16
2

2,818,364
494,541
13,207,303
16,520,208
393,548 )
50,999 )

6
1
29
36
1)
-

2,818,364
494,541
11,169,304
14,482,209
462,016 )
50,999 )

6
1
24
31
1)
-

2,347,651
473,221
8,122,048
10,942,920
321,261 )
50,999 )

7
1
22
30
1)
-

經理人：馬思睿

(

(
(

(

22,534,877

49

20,428,161

44

17,015,172

47

$ 45,997,893

100

$ 46,060,809

100

$ 36,380,993

100

會計主管：陳芳儀

- 5 -

(
(

$

111 年 3 月 31 日
（經核閱）
額
％
799,518
10,590,923
1,294,371
71,779
2,283,065
3,081
1,459,753
99,847
216,031
10,594

後附之附註係本合併財務報告之一部分。

代表人： 林 明 蓉

金

2
27
3
7
5
1
-

(

$

111 年 12 月 31 日
（經查核）
額
％
876,472
12,477,718
1,514,916
60,692
2,993,251
2,071,691
264,711
227,890
8,838

（ 請 參 閱 勤 業 眾 信 聯 合 會 計 師 事 務 所 民 國 112 年 5 月 11 日 核 閱 報 告 ）

董事長：寬鑫投資股份有限公司

金

