聯華電子股份有限公司及子公司
合 併 綜 合 損 益 表
民國一一二年及一一一年一月一日至三月三十一日
(僅經核閱，未依審計準則查核)
(金額除每股盈餘外，均以新臺幣千元為單位)

代 碼
4000 營業收入
5000 營業成本
5950

6100
6200
6300
6450
6000
6500
6900

項

營業毛利
營業費用

目

附

四、六.21及七
四、六.6、六.10、六.15、
六.20、六.21、六.22及七

8399
8300
8500

8610
8620

淨利(損)歸屬於：
母公司業主
非控制權益

8316
8320
8349
8361
8370

$

63,422,820

100.00

(64.54)
35.46

(35,918,490)
27,504,330

(56.63)
43.37

(950,313)
(2,102,198)
(2,766,607)
38,586
(5,780,532)
1,036,790
14,480,698

(1.75)
(3.88)
(5.10)
0.07
(10.66)
1.91
26.71

(1,254,548)
(2,226,939)
(3,032,939)
945
(6,513,481)
1,343,338
22,334,187

(1.98)
(3.51)
(4.78)
0.00
(10.27)
2.12
35.22

1,229,719
13,945
742,166
(347,250)
3,248,054
(238,881)
4,647,753
19,128,451
(2,743,904)
16,384,547

2.27
0.03
1.37
(0.64)
5.99
(0.44)
8.58
35.29
(5.07)
30.22

168,970
16,630
2,564,170
(503,890)
(1,858,432)
926,239
1,313,687
23,647,874
(3,582,251)
20,065,623

0.27
0.03
4.04
(0.80)
(2.93)
1.46
2.07
37.29
(5.65)
31.64

3,073,833

5.67

(1,666,445)

(2.63)

1,343,564

2.48

(733,160)

(1.15)

6,873

0.01

(55,120)

(0.09)

(1,187,684)
6,968

(2.19)
0.02

3,773,432
133,067

5.95
0.21

81,533
3,325,087
19,709,634

0.15
6.14
36.36

(29,890)
1,421,884
21,487,507

(0.05)
2.24
33.88

16,183,002
201,545
16,384,547

29.85
0.37
30.22

$

19,807,535
258,088
20,065,623

31.23
0.41
31.64

35.99
0.37
36.36

$

$

19,508,092
201,542
19,709,634

$

21,229,387
258,120
21,487,507

33.47
0.41
33.88

$
$

1.31
1.28

$
$

1.61
1.58

$

$
$

8710
8720

9750
9850

綜合損益總額歸屬於：
母公司業主
非控制權益

每股盈餘
基本每股盈餘
稀釋每股盈餘

54,209,447

100.00

(34,985,007)
19,224,440

$

四、六.5、六.10、六.15、
六.20、六.22及七

推銷費用
管理費用
研究發展費用
預期信用減損利益
營業費用合計
其他收益及費損淨額
四、六.16及六.23
營業利益
營業外收入及支出
利息收入
四
其他收入
四
其他利益及損失
四及六.24
財務成本
六.24
採用權益法認列之關聯企業及合資損益之份額 四及六.7
外幣兌換利益
四
外幣兌換損失
四
營業外收入及支出合計
稅前淨利
所得稅費用
四及六.26
本期淨利
其他綜合損益
六.25
不重分類至損益之項目
透過其他綜合損益按公允價值衡量之
四
權益工具投資未實現評價損益
採用權益法認列之關聯企業及合資之其他綜合
損益之份額-不重分類至損益之項目
與不重分類之項目相關之所得稅
四及六.26
後續可能重分類至損益之項目
國外營運機構財務報表換算之兌換差額
採用權益法認列之關聯企業及合資之其他綜合
損益之份額-可能重分類至損益之項目
與可能重分類之項目相關之所得稅
四及六.26
本期其他綜合損益(淨額)
本期綜合損益總額

7100
7010
7020
7050
7060
7230
7630
7000
7900
7950
8200

一一二年一月一日至三月三十一日 一一一年一月一日至三月三十一日
金 額
%
金 額
%

註

$

$

$

四及六.27

(請 參 閱 合 併 財 務 報 告 附 註)
董事長：洪嘉聰

經理人：簡山傑、王石

7

會計主管：劉啟東

