國巨股份有限公司及其子公司
合併資產負債表
民 國 112 年 3 月 31 日 暨 民 國 111 年 12 月 31 日 及 3 月 31 日
單位：新台幣仟元

代
1100
1110
1136
1139
1150
1170
1200
130X
1410
1470
11XX

資
流動資產
現金及約當現金（附註六）
透過損益按公允價值衡量之金融資產－流動（附註七）
按攤銷後成本衡量之金融資產－流動（附註九）
避險之金融資產－流動（附註十）
應收票據淨額（附註十一）
應收帳款淨額（附註十一、三二及三三）
其他應收款（附註三二）
存貨（附註十二及三三）
預付款項
其他流動資產
流動資產總計

1510
1517
1535
1538
1550
1600
1755
1760
1805
1821
1840
1920
1990
15XX
1XXX
代

碼

碼

產

％

金

％

14
1
5
8
1
10
1
40

$ 42,892,859
3,853,705
7,504,890
88,707
244,636
23,815,597
983,822
26,122,761
2,124,500
1,029,741
108,661,218

17
2
3
9
10
1
1
43

非流動資產
透過損益按公允價值衡量之金融資產－非流動（附註七）
透過其他綜合損益按公允價值衡量之金融資產－非流動（附註八）
按攤銷後成本衡量之金融資產－非流動（附註九）
避險之金融資產－非流動（附註十）
採用權益法之投資（附註十四）
不動產、廠房及設備（附註十五及三三）
使用權資產
投資性不動產（附註十六及三三）
商譽（附註十七）
其他無形資產淨額（附註十八）
遞延所得稅資產（附註二五）
存出保證金
其他非流動資產
非流動資產總計

1,291,155
855,298
20,745,453
779,838
3,343,831
62,961,506
1,246,202
36,734
47,567,155
24,061,973
3,500,681
224,862
3,301,600
169,916,288

1
7
1
22
1
17
8
1
1
59

1,331,226
812,139
20,400,172
831,882
3,395,606
59,871,278
1,263,123
36,936
47,848,779
24,331,270
3,567,488
221,940
1,569,119
165,480,958

1
7
1
22
1
17
9
1
1
60

1,264,119
780,487
13,743,676
556,475
1,599,955
53,400,974
1,326,508
136,097
45,302,477
22,900,643
4,552,059
212,426
728,143
146,504,039

5
1
21
1
18
9
2
57

資

$ 286,248,455

100

$ 277,185,549

100

$ 255,165,257

100

$ 11,028,704
35,385,619
128,741
532
13,195,350
25,369,793
5,076,613
305,936
9,344,571
655,487
100,491,346

4
12
5
9
2
3
35

$ 12,492,638
28,075,967
210,354
852
14,353,411
23,136,523
5,930,871
321,627
9,172,781
1,221,072
94,916,096

5
10
5
8
2
3
1
34

$ 18,320,812
20,075,116
95,210
1,012
17,390,961
21,739,877
5,385,044
368,390
892,628
868,787
85,137,837

7
8
7
9
2
33

892,681
14,665,953
34,870,072
5,078,365
816,477
2,315,548
233,039
5,543,961
64,416,096

1
5
12
2
1
2
23

948,367
14,950,010
30,386,761
5,128,315
837,828
2,261,457
281,411
5,925,987
60,720,136

6
11
2
1
2
22

657,936
20,338,807
29,383,120
5,035,781
849,055
2,584,427
365,794
5,820,956
65,035,876

8
12
2
1
1
2
26

164,907,442

58

155,636,232

56

150,173,713

59

4,214,542
6,530
4,221,072

1
1

4,212,608
1,934
4,214,542

2
2

5,436,982
3,578
40
5,440,600

2
2

41,545,557
157,805
262,465
41,965,827

15
15

41,250,842
151,159
277,878
41,679,879

15
15

42,445,950
157,358
289,411
42,892,719

17
17

10,694,034
9,911,736
56,623,383
77,229,153

4
3
20
27

10,694,034
9,911,736
56,678,721
77,284,491

4
4
20
28

8,621,366
4,594,931
51,387,184
64,603,481

3
2
20
25

960,096 )
28,612
680,646
(
250,838 )
(
2,030,720 )
121,134,494

1)
42

421,272 )
14,098 )
631,535
196,165
(
2,030,720 )
121,344,357

1)
44

產

總

計

非流動負債
避險之金融負債－非流動（附註十）
應付公司債（附註二十）
長期借款（附註十九及三三）
遞延所得稅負債（附註二五）
租賃負債－非流動
淨確定福利負債（附註四及二二）
存入保證金
其他非流動負債
非流動負債總計

2XXX

益

負債總計

3410
3420
3450
3400
3500
31XX

歸屬於本公司業主之權益
股
本
普 通 股
債券換股權利證書
預收股本
股本總計
資本公積
發行溢價
採用權益法認列之關聯企業股權淨值之變動數
可轉換公司債認列權益組成部分
資本公積總計
保留盈餘
法定盈餘公積
特別盈餘公積
未分配盈餘
保留盈餘總計
其他權益
國外營運機構財務報表換算之兌換差額
透過其他綜合損益按公允價值衡量之金融資產未實現損益
避險工具損益
其他權益總計
庫藏股票
本公司業主之權益總計

36XX

非控制權益

3XXX

金

$ 39,420,666
4,545,168
13,157,089
161,905
116,684
22,146,434
2,252,805
26,944,816
1,951,980
1,007,044
111,704,591

2511
2530
2540
2570
2580
2640
2645
2670
25XX

3310
3320
3350
3300

％

111年3月31日
（經核閱）
額

16
1
6
7
1
9
1
41

2100
2110
2120
2150
2170
2220
2230
2280
2320
2399
21XX

3211
3260
3272
3200

金

111年12月31日
（經查核）
額

$ 46,866,082
2,116,460
16,165,394
341,767
138,338
20,121,329
1,821,194
25,295,012
2,776,362
690,229
116,332,167

負
債
及
權
流動負債
短期借款（附註十九及三三）
應付短期票券（附註十九）
透過損益按公允價值衡量之金融負債－流動（附註七）
應付票據
應付帳款（附註三二）
其他應付款（附註二一及三二）
本期所得稅負債（附註二五）
租賃負債－流動
一年內到期之長期借款及應付公司債（附註十九及二十）
其他流動負債
流動負債總計

3110
3130
3140
3100

112年3月31日
（經核閱）
額

權益總計
負 債 與 權 益 總 計

(

(

(
(

(

6,424,293 )
66,717
505,322
(
5,852,254 )
(
2,416,265 )
104,668,281

(

(
(

2)
2)
1)
41

206,519

-

204,960

-

323,263

-

121,341,013

42

121,549,317

44

104,991,544

41

$ 286,248,455

100

$ 277,185,549

100

$ 255,165,257

100

後附之附註係本合併財務報告之一部分。
（ 請 參 閱 勤 業 眾 信 聯 合 會 計 師 事 務 所 民 國 112 年 4 月 20 日 核 閱 報 告 ）
董事長：陳泰銘

(

經理人：王淡如

會計主管：楊文翔

- 5 -

