中華電信股份有限公司及其子公司
合併資產負債表
民 國 111 年 9 月 30 日 暨 民 國 110 年 12 月 31 日 及 9 月 30 日
單位：新台幣仟元

代
1100
1110
1139
1140
1170
1180
130X
1410
1476
1479
11XX

資
流動資產
現金及約當現金（附註六）
透過損益按公允價值衡量之金融資產（附註七）
避險之金融資產（附註二十）
合約資產（附註二九）
應收票據及帳款淨額（附註九及二九）
應收關係人款項（附註三七）
存貨（附註十）
預付款項（附註十一）
其他金融資產（附註十二及三四）
其他流動資產（附註十八、十九及三八）
流動資產總計

1510
1517
1550
1560
1600
1755
1760
1780
1840
1955
1975
1985
1990
15XX

非流動資產
透過損益按公允價值衡量之金融資產（附註七）
透過其他綜合損益按公允價值衡量之金融資產（附註八及三四）
採用權益法之投資（附註十四及三四）
合約資產（附註二九）
不動產、廠房及設備（附註十五、三四、三七及三八）
使用權資產（附註十六及三七）
投資性不動產（附註十七）
無形資產（附註十八及三七）
遞延所得稅資產（附註三）
取得合約之增額成本（附註二九）
淨確定福利資產（附註三）
預付款項（附註十一）
其他非流動資產（附註十九、三八及三九）
非流動資產總計

1XXX

資

代

碼

碼

產

總

產

計

2100
2120
2126
2130
2170
2180
2230
2280
2200
2250
2399
21XX

2540
2530
2527
2570
2550
2580
2645
2640
2670
25XX

非流動負債
長期借款（附註二二及三八）
應付公司債（附註二三）
合約負債（附註二九）
遞延所得稅負債（附註三）
負債準備（附註二六）
租賃負債（附註十六、三四及三七）
存入保證金（附註三七）
淨確定福利負債（附註三）
其他非流動負債
非流動負債總計

％

金

32,898,094
4,203
12,752
5,702,487
22,278,929
107,116
12,336,979
5,110,205
4,361,591
4,007,887
86,820,243

7
1
4
2
1
1
1
17

$

1,050,714
3,484,018
7,200,176
2,966,660
286,300,996
11,234,158
9,707,458
80,794,433
2,615,752
967,012
3,901,443
1,922,374
4,624,803
416,769,997

1
1
1
57
2
2
16
1
1
1
83

$

503,590,240

100

3310
3320
3350
3300
3400
31XX
36XX

非控制權益（附註十三及二八）

3XXX

$

592,000
13,611,671
13,160,237
476,286
3,207,876
3,216,442
20,895,752
225,903
1,000,044
56,386,211

3
3
1
1
3
11

1,600,000
30,476,032
7,124,477
2,248,402
157,220
7,345,934
5,075,856
2,268,121
6,834,180
63,130,222

(

權益總計
負

債

與

權

益

總

110年9月30日
（經核閱）
額

％

金

％

39,778,624
2,566
5,554,070
23,947,107
41,528
11,327,409
2,330,097
5,060,878
2,978,780
91,021,059

8
1
5
2
1
1
18

$

23,577,346
2,401
5,340,164
21,381,611
66,361
13,080,419
5,077,953
5,241,261
3,093,606
76,861,122

4
1
4
3
1
1
1
15

908,775
3,615,888
7,332,774
2,607,744
289,100,461
11,050,936
9,662,638
83,945,083
2,785,006
987,656
3,391,077
1,798,463
4,862,800
422,049,301

1
2
56
2
2
16
1
1
1
82

1,231,096
3,334,970
7,236,929
2,375,636
284,620,855
10,491,845
9,589,763
85,490,442
3,015,458
971,665
3,929,023
1,891,625
4,841,387
419,020,694

1
2
58
2
2
17
1
1
1
85

$

513,070,360

100

$

495,881,816

100

$

65,000
6,180
8,286
12,234,276
18,063,288
391,358
4,593,458
3,210,564
24,436,708
284,813
998,367
64,292,298

2
4
1
1
5
13

$

66,000
9,330
13,905,112
13,695,667
485,332
2,794,089
3,243,039
23,670,300
257,945
920,909
59,047,723

3
3
1
1
4
12

6
1
1
2
1
1
1
13

1,600,000
26,976,675
6,840,056
2,189,411
141,865
7,061,689
5,336,343
2,287,663
5,081,910
57,515,612

6
1
2
1
1
11

1,600,000
26,975,582
6,819,317
2,188,487
132,775
5,948,847
4,826,659
3,434,689
3,081,834
55,008,190

5
2
1
1
1
1
11

119,516,433

24

121,807,910

24

114,055,913

23

77,574,465
171,295,803

15
34

77,574,465
171,279,625

15
33

77,574,465
171,279,116

16
34

77,574,465
3,083,569
42,561,752
123,219,786
181,654 )
371,908,400

15
1
9
25
74

77,574,465
2,675,419
50,639,022
130,888,906
408,150 )
379,334,846

15
1
10
26
74

77,574,465
2,675,419
41,723,981
121,973,865
483,416 )
370,344,030

16
1
8
25
75

12,165,407

2

11,927,604

2

11,481,873

2

384,073,807

76

391,262,450

76

381,825,903

77

503,590,240

100

513,070,360

100

495,881,816

100

益

負債總計
歸屬於母公司業主之權益（附註十三及二八）
股本－普通股
資本公積
保留盈餘
法定盈餘公積
特別盈餘公積
未分配盈餘
保留盈餘總計
其他權益
母公司業主之權益總計

3110
3200

110年12月31日
（經查核）
額

金
$

負
債
及
權
流動負債
短期借款（附註二一）
透過損益按公允價值衡量之金融負債（附註七）
避險之金融負債（附註二十）
合約負債（附註二九）
應付票據及帳款（附註二四）
應付關係人款項（附註三七）
本期所得稅負債（附註三）
租賃負債（附註十六、三四及三七）
其他應付款（附註二五及三四）
負債準備（附註二六）
其他流動負債
流動負債總計

2XXX

111年9月30日
（經核閱）
額

$

計

(

$

後附之附註係本合併財務報告之一部分。
董事長：謝繼茂

經理人：郭水義

會計主管：陳淑玲

-4-

(

$

