亞德客國際集團及其子公司
合併綜合損益表
民 國 112 年 及 111 年 7 月 1 日 至 9 月 30 日 以 及 民 國 112 年 及 111 年 1 月 1 日 至 9 月 30 日
單位：新台幣仟元，惟
每股盈餘為元

代 碼

112年7月1日至9月30日
金
額
％

111年7月1日至9月30日
金
額
％

112年1月1日至9月30日
金
額
％

111年1月1日至9月30日
金
額
％

4100

營業收入
銷貨收入（附註二一及三四）

$ 7,563,830

100

$ 6,077,173

100

$ 22,471,562

100

$ 19,808,521

100

5110

營業成本
銷貨成本（附註十及二二）

4,056,162

54

3,262,883

54

12,178,297

54

10,820,108

55

5900

營業毛利

3,507,668

46

2,814,290

46

10,293,265

46

8,988,413

45

6100
6200
6300
6450
6000

營業費用（附註二二）
推銷費用
管理費用
研究發展費用
預期信用（迴轉利益）減損損失
營業費用合計

742,976
296,593
244,154
5,283
1,289,006

10
4
3
17

626,899
305,934
184,819
6,376 )
1,111,276

10
5
3
18

2,150,962
825,490
636,829
12,788 )
3,600,493

10
4
2
16

1,898,833
821,844
543,778
17,549
3,282,004

9
4
3
16

6900

營業淨利

2,218,662

29

1,703,014

28

6,692,772

30

5,706,409

29

7100
7020
7050
7000

營業外收入及支出（附註二二）
利息收入
其他利益及損失
財務成本
營業外收入及支出合計

31,697
274,445
50,051 )
256,091

4
4

28,369
105,275
34,424 )
99,220

1
2
1)
2

77,743
85,269
137,667 )
25,345

-

76,133
386,070
103,475 )
358,728

2
2

7900

繼續營業單位稅前淨利

2,474,753

33

1,802,234

30

6,718,117

30

6,065,137

31

7950

所得稅費用（附註四及二三）

535,242

7

411,201

7

1,451,967

7

1,394,306

7

8200

本期淨利

1,939,511

26

1,391,033

23

5,266,150

23

4,670,831

24

1,296,277

17

305,956

5

82,933

-

1,083,920

5

3)

-

8310
8341
8360
8361
8300

其他綜合損益
不重分類至損益之項目：
換算表達貨幣之兌換差額
後續可能重分類至損益之項目：
國外營運機構財務報表換算
之兌換差額
本期其他綜合損益（稅後淨
額）

(

(

242,461 )

(

3)

(

(

(

55,612 )

(

(

1)

(

(

(

(

(

204,482 )

(

1)

1,053,816

14

250,344

4

82,930

-

879,438

4

$ 2,993,327

40

$ 1,641,377

27

$ 5,349,080

23

$ 5,550,269

28

8500

本期綜合損益總額

8600
8610
8620

淨利歸屬於：
本公司業主
非控制權益

(

$ 1,939,625
114 )
$ 1,939,511

26
26

(

$ 1,391,166
133 )
$ 1,391,033

23
23

(

$ 5,266,445
295 )
$ 5,266,150

23
23

(

$ 4,671,193
362 )
$ 4,670,831

24
24

8700
8710
8720

綜合損益總額歸屬於：
本公司業主
非控制權益

(

$ 2,993,472
145 )
$ 2,993,327

40
40

(

$ 1,641,519
142 )
$ 1,641,377

27
27

(

$ 5,349,378
298 )
$ 5,349,080

23
23

(

$ 5,550,662
393 )
$ 5,550,269

28
28

9710
9810

每股盈餘（附註二四）
基
本
稀
釋

$
$

9.70
9.70

$
$

6.96
6.95

$
$

26.33
26.32

後附之附註係本合併財務報告之一部分。

董事長：王世忠

經理人：王世忠

會計主管：曹永祥

- 5 -

$
$

23.36
23.34

