亞德客國際集團及其子公司
合併資產負債表
民 國 112 年 3 月 31 日 暨 民 國 111 年 12 月 31 日 及 3 月 31 日
單位：新台幣仟元
112年3月31日
（經核閱）
額
％

代 碼 資
產 金
流動資產
1100
現金及約當現金（附註六）
$ 5,264,114
透過損益按公允價值衡量之金融資產－流動（附註
1110
七）
10,001
按攤銷後成本衡量之金融資產－流動（附註八及三
1136
十）
161,870
應收票據（附註九）
1150
3,555,386
應收帳款（附註九及二九）
1170
6,894,871
其他應收款
1200
26,445
本期所得稅資產（附註四）
1220
13,909
存貨（附註十）
130X
7,210,991
其他流動資產（附註十五）
1470
287,860
流動資產總計
11XX
23,425,447

1600
1755
1760
1780
1840
1990
15XX

非流動資產
不動產、廠房及設備（附註十二及三十）
使用權資產（附註十三）
投資性不動產（附註十四）
其他無形資產
遞延所得稅資產（附註四及二三）
其他非流動資產（附註十五）
非流動資產總計

1XXX

資

產

總

計

代 碼 負
債
及
權
流動負債
短期借款（附註十六）
2100
應付短期票券（附註十六）
2110
合約負債－流動（附註二一）
2130
應付票據（附註十七）
2150
應付帳款（附註十七）
2170
租賃負債－流動（附註十三）
2280
其他應付款（附註十八）
2200
本期所得稅負債（附註四）
2230
一年內到期之長期借款（附註十六及三十）
2320
其他流動負債（附註十八）
2399
流動負債總計
21XX

2540
2580
2570
25XX
2XXX

36XX

非控制權益

3XXX

權益總計
負 債 與 權 益 總 計

金

$ 6,345,451

12

$ 2,777,375

6

-

2,163

-

127,933

-

6
13
13
1
43

260,263
2,937,652
6,112,157
20,495
13,414
7,250,257
312,263
23,254,115

1
5
11
13
1
43

497,891
1,744,267
6,391,418
19,522
14,287
5,893,981
300,698
17,767,372

1
4
13
12
1
37

29,051,016
977,706
24,651
38,338
368,651
989,985
31,450,347

53
2
2
57

28,829,175
982,607
24,692
40,793
392,392
1,075,773
31,345,432

53
2
2
57

26,671,077
1,024,517
49,132
534,284
1,885,594
30,164,604

56
2
1
4
63

$ 54,875,794

100

$ 54,599,547

100

$ 47,931,976

100

$ 9,662,421
300,000
67,243
154,566
870,816
67,377
3,995,158
527,440
319
386,238
16,031,578

18
2
7
1
1
29

$ 10,781,921
500,000
78,256
205,746
1,085,319
66,019
1,478,211
411,459
326,623
14,933,554

20
1
2
3
1
1
28

$ 2,767,210
468,000
98,407
192,219
1,141,721
61,056
4,058,863
535,114
2,523,249
231,015
12,076,854

6
1
2
9
1
5
1
25

9,886
116,253
693,289
819,428

2
2

122,477
610,426
732,903

1
1

137,147
477,940
615,087

1
1

16,851,006

31

15,666,457

29

12,691,941

26

2,000,000
14,846,145
21,799,144
627,661 )
38,017,628

3
27
40
( 1)
69

2,000,000
14,846,145
22,867,172
787,488 )
38,925,829

4
27
42
( 2)
71

2,000,000
14,846,145
18,546,043
159,727 )
35,232,461

4
31
39
74

7,160

-

7,261

-

7,574

-

38,024,788

69

38,933,090

71

35,240,035

74

$ 54,875,794

100

$ 54,599,547

100

$ 47,931,976

100

益

負債總計
歸屬於本公司業主之權益（附註二十）
普 通 股
資本公積
保留盈餘
其他權益
本公司業主之權益總計

金

111年3月31日
（經核閱）
額
％

10

非流動負債
長期借款（附註十六及三十）
租賃負債－非流動（附註十三）
遞延所得稅負債（附註四及二三）
非流動負債總計

3110
3200
3300
3400
31XX

111年12月31日
（經查核）
額
％

(

(

(

後附之附註係本合併財務報告之一部分。

董事長：王世忠

經理人：王世忠

會計主管：曹永祥

- 4 -

