單位:新台幣仟元

 

 

 

 

 

 

 

 

 

 

 

 

 

 

 

 

 

 

 

 

112 #3314         111 年12月31日         111 年3月31日
( 經核閱)            ( 經查核)            ( 經核閱)

代  碼 資                      產 金      Es  %  金      aR  %  金      BR  %

流動資產
1100                       現金及約當現金 (附註六                                                                         $1,385,232,810                   27              $1,342,814,083                   27              $1,151,589,646                   29
1110      透過損益按公允價值衡量之金融資產 (附註七)             982,014     “      1,070,398     e      758,452     7
1120      透過其他綜合損益按公允價值衡量之金融資產( 附註八)      129,541,034     3    122,998,543     2    120,995,765     3
1136                     按攤銷後成本衡量之金融資產 (附註九)                                                  73,428,595                   2                   94,600,219                   2                    8,425,386                   ~
1139                     避險之金融資產 (附註十)                                                                                 70                   -                          2,329                   -                       286,824
1170                     應收飄據及帳款淨額 ( 附註十一)                                                          147,715,125                   3                 229,755,887                   5                 212,846,891                   5
1180       應收關係人款項 (附註三二)                        332,554      -       1,583,958      品       581,010      -
1210      其他應收關係人款項 ( 附註三二)                      76,608      e        68,975      “        58,165      -
1310                      存貨 (附註十二)                                                                                    216,067,981                   4                  221,149,148                   4                 200,118,682                   5
1476                     其他金融資產 (附註三三)                                                                      26,007,016                   1                   25,964,428                   1                   16,243,656                   1
1479                   其他流動資產                                                                                 16,343,714           =                 12,888,776           人                 10,333,155
11XX                          流動資產合?$                                                                             1,995,727,521            __ 40              2,052,896,744            41              1,722,237,632            43

非流動資產
1517      透過其他綜合損益按公允價值衡量之金融資產 ( 附註八       6,918,090     -     6,159,200     “     6,011,937     ~
1535      按攤銷後成本衡量之金融資產 (附註九)              34,512,468     1     35,127,215     1     15,605,898     “
1550                     採用權益法之投資 (附註十三)                                                               28,483,064                   1                   27,641,505                   1                   24,119,008                   1
1600                        不動產、廠房及設備 ( 附註十四)                                                                2,833,396,892              56                 2,693,836,970                    54                 2,104,330,654                    53
1755                     使用權資產 (附註十五)                                                                         42,018,656                   1                   41,914,136                   1                   32,922,146                   1
1780                     無形資產( 附註十六                                                                              24,296,839                   -                   25,999,155                   1                   25,620,051                   1
1840                     遞延所得稅資產( 附註四)                                                                      68,775,652                   1                   69,185,842                   1                   53,903,541                   1
1920                        存出保證金                                                                                                            4,218,206                      =                       4,467,022                      ‘                       4,073,354
1990                     其他非流動資產                                                                                        7,496,960             aa                     7,551,089             SS                  3,852,446             __*
15XX                           非流動資產合?$                                                                            3,050,116,827            __ 60              2,911,882,134            __59              2,270,439,035             __ 57
1XXX             tt 產 總 計                                                                           $5,045,844,348            _ 100            $4,964,778,878            _100            $3,992,676,667            _100

i     債     及     權     益

流動負債
2100      短期借款 ( 附註十七及三十 )                 $     -     -   $     -     “   $ 144,550,897     4
2120      透過損益按公允價值衡量之金融負債 (附註七)            620,967     ~      116,215     -     2,203,138     .
2126                     避險之金融負債 (附註十)                                                                            39,108                   -                             813                   -                   -
2170                     應付帳款                                                                                               46,302,185                   1                   54,879,708                   1                   48,653,183                   1
2180               應付關係人款項(附註三二                                                   1,079,764              -               1,642,637              ~               1,450,896              ~
2201                         應付薪資及獎金                                                                                                      24,518,981                       1                      36,435,509                      1                      21,077,111                       1
2206      應付員工酬勞及董事酬勞 ( 附註二八 )               74,158,512     1     61,748,574     1     48,766,534     1
2213      應付工程及設備款                       157,374,807     3    213,499,613     4    122,915,512     3
2216               應付現金股利(附註二十)                                               142,617,093             3            142,617,093             3            142,617,093             4
2230                         本期所得稅負債〈 附註四)                                                                                  157,215,093                       3                     120,801,814                      3                      87,693,132                      2
2320       一年內到期長期負債 ( 附註十八、十九及三十             8,040,000      -      19,313,889      -     16,791,667      ~
2399      應付費用及其他流動負債 (附註十五、二一、三十及三二      261,123,411   5     293,170,952   6     186,148,544   _ 5
21XX                       流動負債合計                                                                       873,089,921           17               944,226,817           _19               822,867,707           21

非流動負債
2530                       應付公司債 ( 附註十八及三十 )                                                                    848,637,481                   17                   834,336,439                   17                   629,650,221                   16
2541                     長期銀行借款 ( 附註十九及三十)                                                              6,147,668                   -                    4,760,047                    3,087,714                   -
2573                      遞延所得稅負債 (附註四 )                                                                             726,005                    >                     1,031,383                    -                     1,899,315                    -
2580      租賃負債 (附註十五及三十)                   29,984,875     1     29,764,097     ~     21,065,933     -
2640                     淨確定福利負債(附註四)                                                                       8,602,302                   <                    9,321,091                   “                    8,533,290                   =
2645                     存入保證金                                                                                                915,592                   #                       892,021                   =                       706,708                   ~
2670                     其他非流動負債 ( 附註二一)                                                                 184,842,906             _ 4                 179,958,116            _ 4                 183,397,025            _ 5
25XX                      非流動負債合?$                                                               1,079,856,829          22            1,060,063,194          _ 21              848,340,206          21
2XXX                           ARS?                                                                                      1,952,946,750             __39              2,004,290,011            a)              1,671,207,913            __ 42

歸屬於母公司業主之權益
3110                 股本 (附註二十)

普通股股本                                                                                 259,320,710            5                259,303,805            5                259,317,675            6
3200                     資本公積 ( 附註二十及二七 )                                                                   69,894,441             1                   69,330,328            1                   65,215,135            _ 2
保留盈餘 ( 附註二十)

3310                                法定盈餘公積                                                                                            311,146,899                      6                    311,146,899                      6                   311,146,899                      8
3320                            特別盈餘公積                                                                                  20,320,473                   1                     3,154,310                   -                   62,608,515                   1
3350                         未分配盈餘                                                                       2,441,820,698           __ 48             2,323,223,479           __ 47             1,664,506,123           _ 42
3300                               保留盈餘合計                                                                 2,773,288,070           55             2,637,524,688               53             2,038,261,537               51
3400                     其他權益 (附註二十及二七 )                                                          (       24,269,263 )          __          (       20,505,626 )          __          (       47,492,685 )        (__1)
3500                     庫藏股票 (附註二十)            =                                -            nn          (___871566 )          二 -
31XX                                母公司業主權益合?$                                                                                     3,078,233,958                     61                  2,945,653,195                     59                  2,314,430,096                     58
36XX               非控制權益                                                                                                                  14,663,640              __-                     14,835,672              1                       7,038,658              —
3XXX                          權益合計                                                                                    3.092.897,598             “61              2,960,488,867            _ 60              2,321,468,754            __ 58

負 債 及 權 益 總 計                                                                  $5,045,844,348            _100            $4,964,778,878            _ 100            $3,992,676,667            _ 100

後附之附註係本合併財務報告之一部分。

Uae

Sie              eee:

-4-

 

IN
a

 

 

 

 

 

董事長:               eK:

 

                                                                                                                                                                                                                                                                 

 

 

;
Th
il
