中國鋼鐵股份有限公司及子公司
合併資產負債表
民 國 111 年 9 月 30 日 暨 民 國 110 年 12 月 31 日 及 9 月 30 日
單位：新台幣千元
代 碼
1100
1110
1120
1139
1140
1150
1160
1170
1180
1200
1220
130X
1460
1476
1479
11XX

資
產
流動資產
現金及約當現金（附註六）
透過損益按公允價值衡量之金融資產－流動（附註七）
透過其他綜合損益按公允價值衡量之金融資產－流動（附註八）
避險之金融資產－流動（附註九）
合約資產－流動（附註二十四）
應收票據（附註十）
應收票據－關係人（附註十及三十）
應收帳款淨額（附註十）
應收帳款－關係人（附註十及三十）
其他應收款（附註三十）
本期所得稅資產
存貨（附註十一）
待出售非流動資產
其他金融資產－流動（附註十三及三十一）
其他流動資產
流動資產合計

1510
1517
1538
1550
1600
1755
1760
1780
1840
1920
1980
1995
15XX

非流動資產
透過損益按公允價值衡量之金融資產－非流動（附註七）
透過其他綜合損益按公允價值衡量之金融資產－非流動（附註八）
避險之金融資產－非流動（附註九）
採用權益法之投資（附註十二）
不動產、廠房及設備（附註十四及三十一）
使用權資產（附註十五及三十一）
投資性不動產（附註十六及三十一）
無形資產
遞延所得稅資產
存出保證金
其他金融資產－非流動（附註十三及三十一）
其他非流動資產
非流動資產合計

1XXX

資產總計

代 碼
2100
2110
2120
2126
2130
2150
2170
2180
2200
2230
2250
2280
2321
2322
2365
2399
21XX

負
債
及
權
流動負債
短期借款及銀行透支（附註十七及三十一）
應付短期票券（附註十七）
透過損益按公允價值衡量之金融負債－流動（附註七）
避險之金融負債－流動（附註九）
合約負債－流動（附註二十四）
應付票據
應付帳款（附註十九）
應付帳款－關係人（附註十九及三十）
其他應付款（附註二十及三十）
本期所得稅負債
負債準備－流動（附註二十一）
租賃負債－流動（附註十五）
一年內到期應付公司債（附註十八）
一年內到期銀行長期借款（附註十七及三十一）
退款負債－流動
其他流動負債
流動負債合計

2511
2527
2530
2541
2542
2550
2570
2580
2640
2670
25XX

非流動負債
避險之金融負債－非流動（附註九）
合約負債－非流動（附註二十四）
應付公司債（附註十八）
銀行長期借款（附註十七及三十一）
長期應付票券（附註十七）
負債準備－非流動（附註二十一）
遞延所得稅負債
租賃負債－非流動（附註十五）
淨確定福利負債
其他非流動負債
非流動負債合計

2XXX

$

33,792,732
2,476,070
5,149,686
2,883,238
7,717,236
2,013,721
627
13,583,239
74,470
3,506,014
668,470
146,577,769
81,226
9,968,654
7,270,222
235,763,374

6
1
1
2
21
1
1
33

823,963
52,288,444
689,768
15,336,216
371,664,231
12,554,609
9,387,389
1,370,657
8,835,820
1,049,737
3,221,704
3,223,283
480,445,821

7
2
54
2
1
1
67

$

716,209,195

100

$

63,963,898
42,356,547
3,784
394,834
4,699,464
1,747,489
18,494,398
108,841
24,495,838
5,533,796
4,946,809
1,306,363
12,224,325
11,389,287
3,575,326
1,476,529
196,717,528

9
6
1
3
3
1
1
2
2
28

722,719
72,086
51,745,359
44,599,384
23,254,355
816,408
15,287,917
9,841,828
7,734,718
1,212,533
155,287,307

3310
3320
3350
3300
3400
3500
31XX
36XX

非控制權益

3XXX

權益合計

3X2X

負債及權益總計

110 年 12 月 31 日（經查核）
金
額
%
$

23,969,128
2,610,451
6,228,593
1,483,163
8,298,068
2,241,592
557
15,519,834
416,810
4,118,509
628,373
129,532,646
315,557
10,152,556
4,499,511
210,015,348

4
1
1
2
1
20
1
1
31

921,949
53,673,631
224
13,419,640
370,663,701
12,488,317
9,438,554
1,478,279
8,881,613
1,104,101
3,012,629
2,896,983
477,979,621

8
2
55
2
1
1
69

$

687,994,969

100

$

33,061,226
15,836,410
1,283,279
5,385,147
1,570,913
22,235,715
175,204
34,065,602
13,331,213
6,831,852
963,887
17,474,085
4,647,406
3,698,912
1,369,894
161,930,745

5
2
1
3
5
2
1
3
1
1
24

7
6
3
2
1
1
20

139,082
72,086
62,336,121
26,442,943
14,392,922
1,074,359
14,583,004
10,112,044
8,761,472
1,195,171
139,109,204

352,004,835

48

157,348,610
382,680
157,731,290
40,282,224

110 年 9 月 30 日（經核閱）
金
額
%
$

16,787,328
4,022,733
5,214,826
1,615,644
9,316,888
2,300,682
13,185
14,387,654
199,833
1,929,262
647,037
122,812,021
235,154
9,516,588
4,919,442
193,918,277

3
1
1
1
2
19
1
1
29

980,979
57,315,198
4,893
13,517,552
374,447,690
12,553,521
9,462,822
1,520,344
7,500,270
983,221
3,112,680
2,922,629
484,321,799

8
2
56
2
2
1
71

$

678,240,076

100

$

31,183,122
25,996,064
780
1,665,394
7,022,612
1,326,246
22,492,485
68,886
30,065,146
9,748,798
8,444,603
894,156
15,848,722
5,006,941
3,522,735
1,296,198
164,582,888

5
4
1
3
4
2
1
2
1
1
24

9
4
2
2
1
1
19

307,833
106,597
63,958,204
26,405,765
17,642,494
891,017
14,123,543
10,213,777
9,015,334
1,214,294
143,878,858

9
4
3
2
2
1
21

301,039,949

43

308,461,746

45

22
22
6

157,348,610
382,680
157,731,290
39,238,636

23
23
6

157,348,610
382,680
157,731,290
39,216,831

23
23
6

72,765,975
26,915,002
39,481,764
139,162,741
(2,372,941)
(8,649,421)
326,153,893

10
4
6
20
(1)
47

66,611,343
27,639,574
70,863,295
165,114,212
(4,405,952)
(8,649,421)
349,028,765

10
4
10
24
(1)
(1)
51

66,611,343
27,639,574
54,157,082
148,407,999
(1,442,537)
(8,649,421)
335,264,162

10
4
8
22
(1)
50

38,050,467

5

37,926,255

6

34,514,168

5

364,204,360

52

386,955,020

57

369,778,330

55

716,209,195

100

687,994,969

100

678,240,076

100

益

負債合計
歸屬於本公司業主之權益（附註二十三）
股
本
普 通 股
特 別 股
股本合計
資本公積
保留盈餘
法定盈餘公積
特別盈餘公積
未分配盈餘
保留盈餘合計
其他權益
庫藏股票
本公司業主之權益合計

3110
3120
3100
3200

111 年 9 月 30 日（經核閱）
金
額
%

$

$

$

後附之附註係本合併財務報告之一部分。
董事長：

經理人：總經理：

財務副總經理：

-4-

會計主管：

