民國111年3月31旨磚皿伊年淀整月31日及3月31日
單位：新台幣仟元

代碼

產

資

in年3月31日

1104*12 月 31 日

（經核閱）

（經查核）

金

額

%

額

金

110年3月31日
（經核閱）

%

額

金

%

流動資產

1100
1110

透過損益按公允價值衡量之金融資產一流動（附註

1136

按攤銷後成本衡量之金融資產一流動（附註八及三

1150
1170
1200
1220
130X
1470
11XX

應收票據（附註九）

現金及約當現金（附註六）

$ 2,777,375

6

$ 4,374,302

9

$ 5,787,574

14

127,933

-

16,855

-

25,123

-

497,891
1,744,267
6391,418
19,522
14,287
5,893.981
300,698
17,767,372

1
4
13
12
_1
37

1,831,215
2,092,888
5,389,837
22,976
12,820
5,301,683
271,628
19,314,204

4
5
11
11
_1
41

325,407
2,422,521
5,149,212
27,879
14,596
3,610,690
224,64()
17,587,642

1
6
12
8

41

26,671,077
1,024,517
49,132
534,284
1,885,594
30,164,604

56
2
1
_4
63

24,466,511
1,010,259
51,519
568,219
2,267,944
28,364,452

51
2
1
_5
59

22,335,722
1,012,922
56,269
547,034
L09&680
25,050,627

53
2
1
3
59

$ 47,931,976

100

$ 4Z67&656

100

$ 42,638,269

100

$ 2,767,210
468,000

6
1

$ 3,71X644
780,000

8
2

$ 10,420,078
1,050,000

24
3

98,407
192,219
1441,721
61,056
4,058,863
535,114
2,523,249
231,015
12,076,854

-

2
4
1
2
19

5,462
100,461
134,618
786,628
62,011
2,615,857
521,083
766,500
365,395
16,828,093

-

2
9
1
5
1
25

981
68,712
226,223
1,076,830
60,825
1,731,823
606,389
766,500
188,513
9,229,440

2
6
1
2
1
39

137,147
477,940
615,087

1
1

148,427
2,805,726
353,392
3,307,545

6
1
7

162,651
3,185,907
421,806
3,770,364

8
1
__9

12,691,941

26

12,526,985

26

20,598,457

48

2,000,000
14,846,145
18,546,043
159,727)
35,232,461

4
31
39
__ 1
74

2,000,000
14,846,145
19,529,933
(1,232,155)
35,343,923

4
31
41
(2)
74

1,890,250
6,870,172
14,518,135
(1,246,939)
22,031,618

5
16
34

7,574

—二
—

7,748

—~
—

8,194

---- r

35,2釦,035

74

35,15L67I

74

22,039,812

52

$ 47,931,976

100

$ 47,678,656

100

$ 42,638,269

100

七）

十）

1600
1755
1780
1840
1990
15XX

1XXX

應收帳款（附註九及二九）
其他應收款
本期所得稅資產（附註四）

存貨（附註十）
其他流動資產（附註十四）
流動資產總計

非流動資產
不動產、廠房及設備（附註十二及三十）

使用權資產（附註十三）
其他無形資產

遞延所得稅資產（附註四及二二）
其他非流動資產（附註十四）

非流動資產總計

資

總

產

計

債

代碼負

及

益

權

流動負債

2100
2110
2120

短期借款（附註十五）

2130
2150
2170
2280
2200
2230
232。
2399
21XX

合約負債--流動（附註二十）

應付短期票券（附註十五）

透過損益按公允價值衡量之金融負債-流動 （附註
七）
應付票據（附註十六）

應付帳款（附註十六）
租賃負債一流動（附註十三）

其他應付款（附註十七）
本期所得稅負債（附註四）
一年內到期之長期借款（附註十五及三十）

其他流動負債（附註十七）
流動負債總計

非流動負債

2580
2540
2570
25XX

租賃負債一非流動（附註十三）

長期借款（附註十五及三十）

遞延所得稅負債（附註四及二二）
非流動負債總計

2XXX

負債總計
歸屬於本公司業主之權益（附註十九）

3110
3200
3300
3400
31XX
36XX

3XXX

普通股
資本公積

保留盈餘
其他權益

本公司業主之權益總計

(

非控制權益
權益總計

負債與權益總計

後附之附註係本合併財務報告之一部分。

董事長 :王世忠

II

r t r* r .
ffinf

經理人：王世忠

.3關

定UJ
-4 -

會計主管：曹永祥

口）

52

