光寶科技股份有限公司及子公司
合併資產負債表
民 國 112 年 3 月 31 日 暨 民 國 111 年 12 月 31 日 及 3 月 31 日
單位：新台幣仟元

代
1100
1110
1136
1140
1150
1170
1180
1200
1210
130X
1470
11XX

資
流動資產
現金及約當現金（附註六）
透過損益按公允價值衡量之金融資產（附註七）
按攤銷後成本衡量之金融資產（附註九）
合約資產（附註二四）
應收票據－淨額（附註十一）
應收帳款－淨額（附註十一）
應收帳款－關係人（附註三一）
其他應收款（附註十一）
其他應收款－關係人（附註三一）
存貨－淨額（附註十二）
其他流動資產（附註十九）
流動資產總計

1510
1517
1535
1550
1600
1755
1760
1780
1840
1920
1975
1995
15XX

非流動資產
透過損益按公允價值衡量之金融資產（附註七）
透過其他綜合損益按公允價值衡量之金融資產（附註八）
按攤銷後成本衡量之金融資產（附註九）
採用權益法之投資（附註十四）
不動產、廠房及設備－淨額（附註十五及三一）
使用權資產－淨額（附註十六）
投資性不動產－淨額（附註十七）
無形資產－淨額（附註十八）
遞延所得稅資產
存出保證金
淨確定福利資產（附註二二）
其他非流動資產（附註十九）
非流動資產總計

1XXX

資

代

碼

碼

產

總

產

112年3月31日（經核閱）
額
％

金

$

計

111年12月31日（經查核）
額
％

金

77,674,551
8,838,567
464,841
729,684
30,422,894
3,360,764
3,646
25,366,149
2,608,235
149,469,331

42
5
17
2
14
1
81

1,523,915
2,085,088
656,622
1,894,030
18,657,141
1,807,842
1,232,873
3,677,615
2,744,174
263,471
115,586
106,813
34,765,170

$

金

91,065,529
2,799,938
484,791
609,573
38,127,682
1,562,769
17,710
27,747,465
2,537,757
164,953,214

46
1
19
1
14
1
83

1
1
1
10
1
1
2
1
19

1,462,668
1,985,324
465,790
1,888,176
19,078,678
1,648,994
1,236,643
3,692,521
2,804,527
350,419
107,332
107,451
34,828,523

$ 184,234,501

100

$

20,840,005
146,185
47,403
48
37,828,276
1,696
30,042,224
11,635
6,127,494
1,103,293
386,070
4,427,504
100,961,833

11
21
16
3
1
2
55

111年3月31日（經核閱）
額
％
$

68,517,225
7,630,388
3,210
585,370
625,284
38,098,764
12,035
1,009,242
31,307,062
2,813,798
150,602,378

37
4
20
1
17
2
81

1
1
1
10
1
1
2
1
17

1,114,359
2,088,578
291,604
1,904,643
19,313,388
1,732,553
1,286,816
3,667,019
3,557,706
277,771
40,958
103,765
35,379,160

1
1
1
10
1
1
2
2
19

$ 199,781,737

100

$ 185,981,538

100

$

32,628,984
253,441
79,782
59
44,883,340
15,842
22,630,490
19,378
5,609,887
1,125,550
359,221
4,175,135
111,781,109

16
22
11
3
1
2
56

$

27,303,888
477,633
233
13
44,646,325
707
26,245,897
493
7,471,418
1,118,782
426,057
3,305,947
110,997,393

15
24
14
4
1
2
60

2100
2120
2130
2150
2170
2180
2219
2220
2230
2250
2280
2310
21XX

負
債
及
權
流動負債
短期借款（附註二十）
透過損益按公允價值衡量之金融負債（附註七）
合約負債（附註二四）
應付票據
應付帳款
應付帳款－關係人（附註三一）
其他應付款
其他應付款－關係人（附註三一）
本期所得稅負債
負債準備（附註二一）
租賃負債（附註十六）
預收款項
流動負債總計

2540
2570
2580
2645
25XX

非流動負債
長期借款（附註二十）
遞延所得稅負債
租賃負債（附註十六）
存入保證金
非流動負債總計

3,000,000
1,904,408
839,894
127,199
5,871,501

2
1
3

3,000,000
2,212,812
691,734
108,955
6,013,501

2
1
3

1,915,754
722,289
146,614
2,784,657

1
1

2XXX

負債總計

106,833,334

58

117,794,610

59

113,782,050

61

23,619,970
22,756,394

13
12

23,630,830
22,706,153

12
11

23,508,670
21,932,661

13
12

16,780,649
3,214,551
17,122,812
37,118,012
3,294,615 )
3,445,820 )
76,753,941

9
2
9
20
2)
2)
42

16,780,649
3,214,551
21,736,118
41,731,318
3,243,884 )
3,468,412 )
81,356,005

8
2
11
21
2)
2)
41

15,613,679
5,940,218
11,527,692
33,081,589
3,221,500 )
3,700,808 )
71,600,612

8
3
6
18
2)
2)
38

3310
3320
3350
3300
3400
3500
31XX

歸屬於母公司業主權益
股
本
普通股股本
資本公積
保留盈餘
法定盈餘公積
特別盈餘公積
未分配盈餘
保留盈餘總計
其他權益
庫藏股票
母公司業主權益總計

36XX

非控制權益

3110
3200

3XXX

益

(
(

權益總計
負 債 與 權 益 總 計

(
(

(
(

(
(

(
(

647,226

-

631,122

-

598,876

-

77,401,167

42

81,987,127

41

72,199,488

39

$ 184,234,501

100

$ 199,781,737

100

$ 185,981,538

100

後附之附註係本合併財務報告之一部分。
（ 請 參 閱 勤 業 眾 信 聯 合 會 計 師 事 務 所 民 國 112 年 4 月 27 日 核 閱 報 告 ）

董事長：宋明峰

(
(

經理人：邱森彬

會計主管：蕭庭宇

- 5 -

