聯發科技股份有限公司及子公司
合併現金流量表
民國一一二年一月一日至三月三十一日
及民國一一一年一月一日至三月三十一日
(僅經核閱，未依審計準則查核)
(金額均以新台幣仟元為單位)
項
目
營業活動之現金流量：
繼續營業單位稅前淨利
調整項目：
不影響現金流量之收益費損項目：
折舊費用
攤銷費用
預期信用減損損失(利益)數
透過損益按公允價值衡量金融資產及負債之淨利益
利息費用
除列按攤銷後成本衡量金融資產淨利益
利息收入
股利收入
股份基礎給付酬勞成本
採用權益法認列之關聯企業及合資損益之份額
處分及報廢不動產、廠房及設備(利益)損失
處分無形資產損失
處分投資損失
其他
與營業活動相關之資產/負債變動數：
強制透過損益按公允價值衡量之金融資產
應收票據
應收帳款
應收帳款－關係人
其他應收款
存貨
預付款項
其他流動資產
其他非流動資產－其他
合約負債
應付帳款
應付帳款－關係人
其他應付款
其他應付款－關係人
其他流動負債
淨確定福利負債
其他非流動負債－其他
營運產生之現金流(出)入
收取之利息
收取之股利
支付之利息
支付之所得稅
營業活動之淨現金流入
投資活動之現金流量：
取得透過其他綜合損益按公允價值衡量之金融資產
處分透過其他綜合損益按公允價值衡量之金融資產
透過其他綜合損益按公允價值衡量之金融資產減資退回股款
取得按攤銷後成本衡量之金融資產
按攤銷後成本衡量之金融資產到期還本
取得採用權益法之投資
採用權益法之投資減資退回股款
取得不動產、廠房及設備
處分不動產、廠房及設備
存出保證金減少(增加)
取得無形資產
投資活動之淨現金流出
籌資活動之現金流量：
短期借款增加
存入保證金(減少)增加
租賃負債本金償還
員工執行認股權
發放現金股利
取得子公司股權
非控制權益變動
籌資活動之淨現金流入
匯率變動對現金及約當現金之影響
本期現金及約當現金(減少)增加數
期初現金及約當現金餘額
期末現金及約當現金餘額

一一二年第一季
$

$

一一一年第一季

19,103,771

$

2,793,805
1,522,386
5,131
(118,693)
36,086
(1,390,615)
(3,116,021)
566,297
108,251
(1,945)
(12)

1,912,532
1,296,930
(1,096)
(199,987)
49,311
(4,850)
(443,642)
(717,894)
1,240,009
(143,675)
6,507
530
4,090
(1)

3,685,516
(43,774)
(5,540,066)
(5,278)
1,167,590
1,485,472
1,185,928
76,783
8
(2,412,283)
(238,932)
(109,792)
(15,619,314)
(22,246)
(3,877,706)
(5,319)
231,981
(532,991)
1,381,640
3,255,670
(46,561)
(1,200,218)
2,857,540

743,592
(106,640)
(5,250,515)
(10,309)
992,089
(16,186,557)
(419,705)
(616,321)
9,664,661
2,610,884
6,968,249
286,882
(11,984,407)
43
2,432,044
(8,085)
106,539
30,191,312
296,186
696,778
(47,443)
(401,347)
30,735,486

(379,258)
215,644
3,196
(8,198,014)
1,041,002
(2,100,216)
4,949
649,061
(1,191,735)
(9,955,371)

(791,625)
360,700
26,766
(1,830,323)
473,863
(6,940)
25,738
(3,052,451)
2,951
(144,154)
(1,961,137)
(6,896,612)

900,000
(365)
(252,341)
20,255
(959)
50
666,640
(1,374,602)
(7,805,793)
147,502,155
139,696,362

18,798,310
13,150
(154,242)
17,972
(48,413)
583,919
19,210,696
3,678,734
46,728,304
183,704,594
230,432,898

$

(請參閱合併財務報表附註)
董事長：蔡明介

經理人：蔡力行

-8-

37,970,104

會計主管：顧大為

