中華電信股份有限公司及其子公司
合併資產負債表
民 國 112 年 3 月 31 日 暨 民 國 111 年 12 月 31 日 及 3 月 31 日
單位：新台幣仟元

代
1100
1110
1139
1140
1170
1180
130X
1410
1476
1479
11XX

資
流動資產
現金及約當現金（附註六）
透過損益按公允價值衡量之金融資產（附註七）
避險之金融資產（附註二十）
合約資產（附註二九）
應收票據及帳款淨額（附註九及二九）
應收關係人款項（附註三七）
存貨（附註十）
預付款項（附註十一）
其他金融資產（附註十二）
其他流動資產（附註十九及三八）
流動資產總計

1510
1517
1550
1560
1600
1755
1760
1780
1840
1955
1975
1985
1990
15XX

非流動資產
透過損益按公允價值衡量之金融資產（附註七）
透過其他綜合損益按公允價值衡量之金融資產（附註八）
採用權益法之投資（附註十四）
合約資產（附註二九）
不動產、廠房及設備（附註十五、三四、三七及三八）
使用權資產（附註十六及三七）
投資性不動產（附註十七）
無形資產（附註十八及三七）
遞延所得稅資產（附註三）
取得合約之增額成本（附註二九）
淨確定福利資產（附註三）
預付款項（附註十一）
其他非流動資產（附註十九、三八及三九）
非流動資產總計

1XXX

資

代

碼

碼

產

總

2100
2130
2170
2180
2230
2280
2200
2250
2399
21XX

2540
2530
2527
2570
2550
2580
2645
2640
2670
25XX

非流動負債
長期借款（附註二二及三八）
應付公司債（附註二三）
合約負債（附註二九）
遞延所得稅負債（附註三）
負債準備（附註二六）
租賃負債（附註十六、三四及三七）
存入保證金（附註三七）
淨確定福利負債（附註三）
其他非流動負債
非流動負債總計

％

金

38,715,923
4,293
1,196
6,123,875
20,990,008
48,058
12,024,091
5,484,376
19,980,438
3,841,419
107,213,677

7
1
4
2
1
4
1
20

$

1,073,777
4,040,213
7,248,179
3,344,517
289,265,406
11,093,820
8,993,035
77,556,614
2,154,497
954,772
5,429,492
1,695,289
4,472,162
417,321,773

1
1
1
56
2
2
15
1
1
80

$

524,535,450

100

權

$

341,800
12,898,161
9,972,835
277,579
7,245,762
3,319,259
21,964,773
222,990
974,018
57,217,177

2
2
1
1
5
11

1,600,000
30,478,739
7,665,182
2,336,333
464,538
7,243,867
5,012,177
2,266,718
6,759,255
63,826,809

3310
3320
3350
3300
3400
31XX
36XX

非控制權益（附註十三及二八）

3XXX

權益總計
負

債

與

權

益 總

111年12月31日
（經查核）
額

％

金

50,192,604
3,953
12,891
6,055,343
24,672,473
75,061
11,316,406
2,398,608
3,618,902
3,555,423
101,901,664

10
1
5
2
1
1
20

$

1,020,203
3,491,381
7,155,851
3,136,801
291,527,910
11,102,549
9,803,861
79,187,087
2,196,645
979,914
5,265,721
1,728,277
4,705,624
421,301,824

1
1
1
56
2
2
15
1
1
80

$

523,203,488

100

$

722,000
13,390,439
16,428,856
539,194
4,956,465
3,338,813
25,079,960
226,019
1,016,179
65,697,925

3
3
1
1
5
13

7
2
1
1
1
12

1,600,000
30,477,357
7,674,095
2,300,845
173,033
7,333,694
5,156,700
2,285,224
6,726,187
63,727,135

121,043,986

23

77,574,465
171,309,798

％

46,500,497
3,190
8,055
5,539,500
21,069,723
39,645
12,512,537
5,281,217
6,758,881
3,352,163
101,065,408

9
1
4
2
1
1
1
19

805,944
3,574,284
7,463,988
2,756,204
285,930,724
10,744,006
9,652,091
82,328,310
2,760,894
967,462
3,581,626
1,820,461
4,923,591
417,309,585

1
2
1
54
2
2
16
1
1
1
81

$

518,374,993

100

$

65,000
12,701,430
11,823,029
214,092
6,830,152
2,994,856
21,665,000
251,488
1,026,505
57,571,552

3
2
1
1
4
11

6
2
2
1
1
12

1,600,000
30,473,352
6,900,647
2,197,088
141,275
6,909,109
4,916,202
2,290,631
4,992,300
60,420,604

6
2
2
1
1
12

129,425,060

25

117,992,156

23

15
33

77,574,465
171,300,898

15
32

77,574,465
171,291,613

15
33

77,574,465
3,083,569
61,521,942
142,179,976
266,822
391,331,061

15
1
11
27
75

77,574,465
3,083,569
51,868,574
132,526,608
223,084 )
381,178,887

15
1
10
26
73

77,574,465
2,675,419
59,700,126
139,950,010
362,831 )
388,453,257

15
1
11
27
75

12,160,403

2

12,599,541

2

11,929,580

2

403,491,464

77

393,778,428

75

400,382,837

77

$

計

524,535,450

100

523,203,488

100

518,374,993

100

(

$

後附之附註係本合併財務報告之一部分。

董事長：郭水義

111年3月31日
（經核閱）
額

益

負債總計
歸屬於母公司業主之權益（附註十三及二八）
股本－普通股
資本公積
保留盈餘
法定盈餘公積
特別盈餘公積
未分配盈餘
保留盈餘總計
其他權益
母公司業主之權益總計

3110
3200

金
$

計

負
債
及
流動負債
短期借款（附註二一）
合約負債（附註二九）
應付票據及帳款（附註二四）
應付關係人款項（附註三七）
本期所得稅負債（附註三）
租賃負債（附註十六、三四及三七）
其他應付款（附註二五及三四）
負債準備（附註二六）
其他流動負債
流動負債總計

2XXX

產

112年3月31日
（經核閱）
額

經理人：郭水義

會計主管：陳淑玲

- 4 -

(

$

