光寶科技股份有限公司及子公司
合併綜合損益表
民 國 112 年 及 111 年 7 月 1 日 至 9 月 30 日 以 及 民 國 112 年 及 111 年 1 月 1 日 至 9 月 30 日
單位：新台幣仟元，惟
每股盈餘為元

代 碼
4110
4190
4170
4000

5110

5900

金
營業收入（附註二五及三二）
銷貨收入
減：銷貨折讓
銷貨退回
營業收入合計
營業成本
銷貨成本（附註十二、二
六及三二）
營業毛利

6000

營業費用（附註二六及三二）
推銷費用
管理費用
研究發展費用
預期信用減損迴轉利益
（損失）
（附註十一及二
五）
營業費用合計

6900

營業利益

6100
6200
6300
6450

(

112年7月1日至9月30日
額
％

$ 40,984,157
923,375
103,558
39,957,224

103
2
100

30,525,697 )

( 76 )

9,431,527

24

金

(

111年7月1日至9月30日
額
％

$ 47,127,280
885,748
67,213
46,174,319

102
2
100

37,171,651 )

( 81 )

9,002,668

19

金

(

112年1月1日至9月30日
額
％

金

111年1月1日至9月30日
額
％

$ 113,498,349
1,770,111
303,814
111,424,424

102
2
100

$ 133,162,997
2,551,497
249,928
130,361,572

102
2
100

86,892,867 )

( 78 )

( 105,514,836 )

( 81 )

24,531,557

22

24,846,736

19

(
(
(

1,493,734 )
1,278,359 )
2,036,612 )

(
(
(

4)
3)
5)

(
(
(

1,489,533 )
1,194,848 )
1,898,963 )

(
(
(

3)
3)
4)

(
(
(

4,282,222 )
3,324,316 )
5,847,638 )

(
(
(

4)
3)
5)

(
(
(

4,463,865 )
3,341,126 )
5,268,752 )

(
(
(

3)
3)
4)

(
(

2,816 )
4,811,521 )

( 12 )

(
(

25,132 )
4,608,476 )

( 10 )

(

21,208
13,432,968 )

( 12 )

(
(

27,518 )
13,101,261 )

( 10 )

4,620,006

12

4,394,192

10

11,098,589

10

11,745,475

9

168,934

-

178,001

-

664,841

1

487,068

-

643,128
220,760 )
350,669

1
1

429,675
410,425 )
735,282

1

營業外收入及支出
其他收入（附註二六及三
二）
其他利益及損失（附註十
六及二六）
財務成本（附註二六）
(
利息收入
採用權益法認列之關聯企
業利益份額（附註十五）
營業外收入及支出合
計

16,409

-

2,948

-

14,199

-

11,190

-

1,124,240

3

953,986

2

2,915,143

3

1,252,790

1

7900

稅前淨利

5,744,246

14

5,348,178

12

14,013,732

13

12,998,265

10

7950

所得稅費用（附註二七）

8200

淨

7010
7020
7050
7100
7060
7000

8310
8316

8320

(

1,177,570 )

(

(

2
1)
2

3)

4,566,676

11

(

76,230 )

-

(
(

1,362 )
77,592 )

-

利

其他綜合（損）益（附註二四
及二七）
不重分類至損益之項目
透過其他綜合損益按
公允價值衡量之權
益工具投資未實現
評價損失
採用權益法認列之關
聯企業及合資之其
他綜合損失之份額

625,199
402,257 )
715,955

(

(

1,096,377 )

(

2)

(

(

1,324,550
1,115,166 )
2,026,719

2,872,815 )

(

(

1
1)
2

3)

4,251,801

9

11,140,917

10

(

123,303 )

-

85,428

-

(

123,303 )

-

1,098 )
84,330

-

（接次頁）

- 6 -

(

(

(

2,664,640 )

(

2)

10,333,625

8

(

124,031 )

-

(
(

77 )
124,108 )

-



（承前頁）

代 碼
8360
8361
8370

8399

8300

8500

8610
8620
8600

8710
8720
8700

9750
9850

金
後續可能重分類至損益之
項目：
國外營運機構財務報
表換算之兌換差額
採用權益法認列關聯
企業之其他綜合
（損）益之份額
與可能重分類至損益
之項目相關之所得
稅

112年7月1日至9月30日
額
％

$

(

3,376,371

8

45,806

-

2)
7

678,216 )
2,743,961

其他綜合（損）益合
計

(

2,666,369

7

金

111年7月1日至9月30日
額
％

$

2,935,455

6

(

33,012 )

-

(

580,845 )
2,321,598

(

1)
5

金

112年1月1日至9月30日
額
％

$

(

2,889,447

3

32,379

-

569,386 )
2,352,440

(

1)
2

金

111年1月1日至9月30日
額
％

$

(

6,466,015

5

5,118

-

1,282,036 )
5,189,097

(

1)
4

2,198,295

5

2,436,770

2

5,064,989

4

綜合損益總額

$

7,233,045

18

$

6,450,096

14

$ 13,577,687

12

$ 15,398,614

12

淨利歸屬於：
母公司業主
非控制權益

$

4,557,708
8,968
4,566,676

11
11

$

4,239,775
12,026
4,251,801

9
9

$ 11,110,767
30,150
$ 11,140,917

10
10

$ 10,303,564
30,061
$ 10,333,625

8
8

18
18

$

$

7,207,634
25,411
7,233,045

$

6,414,912
35,184
6,450,096

14
14

$ 13,515,133
62,554
$ 13,577,687

12
12

$ 15,321,137
77,477
$ 15,398,614

12
12

$
$

1.99
1.97

$
$

1.86
1.84

$
綜合（損）益總額歸屬於：
母公司業主
非控制權益

每股盈餘（附註二八）
基
本
稀
釋

$

$

$
$

4.86
4.80

後附之附註係本合併財務報告之一部分。
（ 請 參 閱 勤 業 眾 信 聯 合 會 計 師 事 務 所 民 國 112 年 10 月 30 日 核 閱 報 告 ）

董事長：宋明峰

經理人：邱森彬

會計主管：蕭庭宇

- 7 -

$
$

4.51
4.46

