聯發科技股份有限公司及子公司
合併資產負債表
民國一一二年三月三十一日、一一一年十二月三十一日及一一一年三月三十一日
(民國一一二年及一一一年三月三十一日僅經核閱，未依審計準則查核)
(金額均以新台幣仟元為單位)
代碼

資

產

1100
1110
1120
1136
1150
1170
1180
1197
1200
1220
130x
1410
1470
11xx

流動資產
現金及約當現金
透過損益按公允價值衡量之金融資產－流動
透過其他綜合損益按公允價值衡量之金融資產－流動
按攤銷後成本衡量之金融資產－流動
應收票據淨額
應收帳款淨額
應收帳款－關係人淨額
應收融資租賃款淨額
其他應收款
本期所得稅資產
存貨淨額
預付款項
其他流動資產
流動資產合計

1510
1517
1535
1550
1600
1755
1760
1780
1840
1920
194D
1975
1995
15xx

非流動資產
透過損益按公允價值衡量之金融資產－非流動
透過其他綜合損益按公允價值衡量之金融資產－非流動
按攤銷後成本衡量之金融資產－非流動
採用權益法之投資
不動產、廠房及設備
使用權資產
投資性不動產淨額
無形資產
遞延所得稅資產
存出保證金
長期應收融資租賃款淨額
淨確定福利資產－非流動
其他非流動資產－其他
非流動資產合計

1xxx

資產總計

六.1
六.2
六.3
六.4
六.22
六.5及六.22
六.5、六.22及七
六.22及六.23
六.6及七
四及六.30
六.7
六.8及九

一一一年十二月三十一日
金
額
％

一一二年三月三十一日
金
額
％

附 註
$

六.2
六.3
六.4及八
六.9
六.10
六.23
六.11
六.12及六.13
四及六.30
九
六.22及六.23
九

$

139,696,362
5,402,085
4,315,653
5,296,224
46,585
46,224,285
39,871
181,973
14,972,019
183,920
69,264,769
4,708,686
1,126,279
291,458,711

23
1
1
1
8
2
11
1
48

6,326,850
74,814,438
32,506,349
17,578,361
53,692,785
8,910,703
1,986,995
78,374,911
12,047,870
6,667,641
1,273,811
15,395
26,730,575
320,926,684

1
12
5
3
9
2
13
2
1
4
52

612,385,395

100

$

$

一一一年三月三十一日
金
額
％

147,502,155
8,541,857
3,169,019
5,596,485
2,811
40,804,936
34,593
15,823,997
133,072
70,703,336
4,138,284
1,203,062
297,653,607

24
1
1
7
3
12
1
49

6,624,993
73,801,249
25,264,394
17,798,462
53,861,629
8,927,750
2,086,194
73,454,530
11,511,991
7,316,702
1,455,784
15,852
28,626,337
310,745,867

1
12
4
3
9
2
12
2
1
5
51

608,399,474

100

$

$

(請參閱合併財務報表附註)
董事長：蔡明介

經理人：蔡力行
-4-

會計主管：顧大為

230,432,898
10,567,214
4,590,258
4,303,160
109,451
64,479,257
89,545
6,109,995
155,296
89,376,605
5,755,839
1,905,331
417,874,849

32
1
1
1
9
1
13
1
59

4,463,126
50,712,574
12,342,407
46,221,382
51,544,475
3,767,792
1,625,118
73,953,131
8,837,076
9,478,823
1,455,784
26,407,290
290,808,978

1
7
2
7
7
1
10
1
1
4
41

708,683,827

100

