中國鋼鐵股份有限公司及子公司
合併資產負債表
民 國 111 年 3 月 31 日 暨 民 國 110 年 12 月 31 日 及 3 月 31 日
單位：新台幣千元
代 碼
1100
1110
1120
1139
1140
1150
1160
1170
1180
1200
1220
130X
1460
1476
1479
11XX

資
產
流動資產
現金及約當現金（附註六）
透過損益按公允價值衡量之金融資產－流動（附註七）
透過其他綜合損益按公允價值衡量之金融資產－流動（附註八）
避險之金融資產－流動（附註九）
合約資產－流動（附註二十四）
應收票據（附註十）
應收票據－關係人（附註十及三十）
應收帳款淨額（附註十）
應收帳款－關係人（附註十及三十）
其他應收款（附註三十）
本期所得稅資產
存貨（附註十一）
待出售非流動資產
其他金融資產－流動（附註十三及三十一）
其他流動資產
流動資產合計

1510
1517
1535
1538
1550
1600
1755
1760
1780
1840
1920
1980
1995
15XX

非流動資產
透過損益按公允價值衡量之金融資產－非流動（附註七）
透過其他綜合損益按公允價值衡量之金融資產－非流動（附註八）
按攤銷後成本衡量之金融資產－非流動
避險之金融資產－非流動（附註九）
採用權益法之投資（附註十二）
不動產、廠房及設備（附註十四及三十一）
使用權資產（附註十五及三十一）
投資性不動產（附註十六及三十一）
無形資產
遞延所得稅資產
存出保證金
其他金融資產－非流動（附註十三及三十一）
其他非流動資產
非流動資產合計

1XXX

資產總計

代 碼
2100
2110
2120
2126
2130
2150
2170
2180
2200
2230
2250
2280
2321
2322
2365
2399
21XX

負
債
及
權
流動負債
短期借款及銀行透支（附註十七及三十一）
應付短期票券（附註十七）
透過損益按公允價值衡量之金融負債－流動（附註七）
避險之金融負債－流動（附註九）
合約負債－流動（附註二十四）
應付票據
應付帳款（附註十九）
應付帳款－關係人（附註十九及三十）
其他應付款（附註二十及三十）
本期所得稅負債
負債準備－流動（附註二十一）
租賃負債－流動（附註十五）
一年內到期應付公司債（附註十八）
一年內到期銀行長期借款（附註十七及三十一）
退款負債－流動
其他流動負債
流動負債合計

2511
2527
2530
2541
2542
2550
2570
2580
2640
2670
25XX

非流動負債
避險之金融負債－非流動（附註九）
合約負債－非流動（附註二十四）
應付公司債（附註十八）
銀行長期借款（附註十七及三十一）
長期應付票券（附註十七）
負債準備－非流動（附註二十一）
遞延所得稅負債
租賃負債－非流動（附註十五）
淨確定福利負債
其他非流動負債
非流動負債合計

2XXX

$

27,396,342
3,559,206
5,737,434
1,796,249
8,445,483
2,443,656
136
14,301,611
152,892
2,137,215
628,398
140,695,684
322,185
9,723,080
5,853,304
223,192,875

5
1
1
2
21
1
1
32

909,834
55,187,741
643,761
13,942,802
372,083,606
12,511,532
9,420,234
1,440,172
8,741,341
1,216,758
3,055,050
3,028,470
482,181,301

8
2
54
2
1
1
68

$

705,374,176

100

$

28,000,336
20,129,146
3,452
1,304,168
6,418,047
1,589,306
25,206,210
383,019
28,101,654
15,761,097
7,592,565
1,063,603
20,974,117
4,894,876
3,846,982
1,677,168
166,945,746

4
3
1
4
4
2
1
3
1
1
24

2,219
72,086
58,839,370
25,068,019
15,266,059
1,094,330
14,818,096
10,011,406
8,219,240
1,214,195
134,605,020

3310
3320
3350
3300
3400
3500
31XX
36XX

非控制權益

3XXX

權益合計

3X2X

負債及權益總計

110 年 12 月 31 日（經查核）
金
額
%
$

23,969,128
2,610,451
6,228,593
1,483,163
8,298,068
2,241,592
557
15,519,834
416,810
4,118,509
628,373
129,532,646
315,557
10,152,556
4,499,511
210,015,348

4
1
1
2
1
20
1
1
31

921,949
53,673,631
224
13,419,640
370,663,701
12,488,317
9,438,554
1,478,279
8,881,613
1,104,101
3,012,629
2,896,983
477,979,621

8
2
55
2
1
1
69

$

687,994,969

100

$

33,061,226
15,836,410
1,283,279
5,385,147
1,570,913
22,235,715
175,204
34,065,602
13,331,213
6,831,852
963,887
17,474,085
4,647,406
3,698,912
1,369,894
161,930,745

5
2
1
3
5
2
1
3
1
1
24

8
4
2
2
1
1
18

139,082
72,086
62,336,121
26,442,943
14,392,922
1,074,359
14,583,004
10,112,044
8,761,472
1,195,171
139,109,204

301,550,766

42

157,348,610
382,680
157,731,290
39,279,107

110 年 3 月 31 日（經核閱）
金
額
%
$

15,973,354
6,527,340
5,760,261
1,413,748
10,058,154
1,485,512
65,326
13,076,071
175,344
1,709,664
665,830
87,854,466
142,688
8,589,501
3,860,345
157,357,604

2
1
1
2
2
14
1
1
24

955,449
55,103,064
3,910
2,965
13,791,044
381,158,225
12,961,987
9,499,949
1,613,591
8,649,333
752,516
3,084,549
3,029,371
490,605,953

9
2
60
2
2
1
76

$

647,963,557

100

$

26,736,162
38,184,519
3,529
1,717,676
5,867,494
1,352,405
18,889,831
324,572
20,770,276
2,790,820
7,324,660
898,671
13,949,621
2,341,142
2,976,338
1,470,157
145,597,873

4
6
1
3
3
1
1
2
1
22

9
4
2
2
1
1
19

317,873
79,800,013
32,819,535
17,904,104
1,051,298
14,256,137
10,288,005
9,195,284
1,176,811
166,809,060

12
5
3
2
2
2
26

301,039,949

43

312,406,933

48

22
22
6

157,348,610
382,680
157,731,290
39,238,636

23
23
6

157,348,610
382,680
157,731,290
39,118,537

24
24
6

66,611,343
27,639,359
81,780,204
176,030,906
(1,373,386)
(8,649,421)
363,018,496

9
4
12
25
(1)
52

66,611,343
27,639,574
70,863,295
165,114,212
(4,405,952)
(8,649,421)
349,028,765

10
4
10
24
(1)
(1)
51

66,532,412
27,912,065
23,127,261
117,571,738
(2,789,859)
(8,660,662)
302,971,044

10
4
4
18
(1)
47

40,804,914

6

37,926,255

6

32,585,580

5

403,823,410

58

386,955,020

57

335,556,624

52

705,374,176

100

687,994,969

100

647,963,557

100

益

負債合計
歸屬於本公司業主之權益（附註二十三）
股
本
普 通 股
特 別 股
股本合計
資本公積
保留盈餘
法定盈餘公積
特別盈餘公積
未分配盈餘
保留盈餘合計
其他權益
庫藏股票
本公司業主之權益合計

3110
3120
3100
3200

111 年 3 月 31 日（經核閱）
金
額
%

$

$

$

後附之附註係本合併財務報告之一部分。

董事長：

經理人：總經理：

財務副總經理：

-4-

會計主管：

