聯發科技股份有限公司及子公司
合併權益變動表
民國一一二年一月一日至三月三十一日
及民國一一一年一月一日至三月三十一日
(僅經核閱，未依審計準則查核)
(金額均以新台幣仟元為單位)
歸屬於母公司業主之權益
股

項
民國一一一年一月一日餘額

目

民國一一二年一月一日餘額
盈餘指撥及分配：
普通股現金股利
盈餘指撥及分配合計

保 留 盈 餘

其他權益
透過其他綜合損益
按公允價值衡量之
國外營運機構
金融資產未實現
財務報表換算
評價(損)益
之兌換差額
$ (13,474,837) $
72,222,376

普通股股本
$
15,988,420

預收股本
$
483

資本公積
$
59,776,045

法定盈餘公積
$
50,217,220

未分配盈餘
$ 252,432,501

-

-

-

-

33,261,383
33,261,383

9,084,490
9,084,490

$

482
1,396
15,990,298

$

102
585

$

14,664
92,453
104,423
121,888
159,917
2,724
60,272,114

$

50,217,220

$

967,173
286,661,057

$

(4,390,347)

$

15,994,353

$

113

$

47,185,281

$

62,058,498

$

286,688,675

$

7,359,676

民國一一一年第一季淨利
民國一一一年第一季其他綜合損益
本期綜合損益總額
股份基礎給付交易
採用權益法認列之關聯企業及合資之變動數
實際取得或處分子公司股權價格與帳面價值差額
對子公司所有權權益變動
限制員工權利新股
其他資本公積變動
處分透過其他綜合損益按公允價值衡量之權益工具
非控制權益
民國一一一年三月三十一日餘額

本

其他
(5,090,942)

庫藏股票
$
(55,970)

歸屬於母公司
業主權益總計
$ 432,015,296

(21,262,381)
(21,262,381)

-

-

33,261,383
(12,177,891)
21,083,492

151,874
6,402
158,276

33,413,257
(12,171,489)
21,241,768

$

(967,173)
49,992,822

$

890,570
(4,200,372)

$

(55,970)

$

15,248
92,453
104,423
121,888
1,051,883
2,724
454,487,407

$

190,434
(152,836)
447,251
(848,790)
1,426,933

$

205,682
92,453
(48,413)
569,139
1,051,883
2,724
(848,790)
455,914,340

$

23,079,555

$

(2,200,891)

$

(55,970)

$

440,109,290

$

2,948,949

$

443,058,239

$

$

非控制權益
1,632,598

$

權益總額
433,647,894

-

-

-

-

(99,178,441)
(99,178,441)

-

-

-

-

(99,178,441)
(99,178,441)

-

(99,178,441)
(99,178,441)

資本公積配發現金股利

-

-

(22,395,132)

-

-

-

-

-

-

(22,395,132)

-

(22,395,132)

民國一一二年第一季淨利
民國一一二年第一季其他綜合損益
本期綜合損益總額

-

-

-

-

16,873,549
16,873,549

(2,364,168)
(2,364,168)

2,825,331
2,825,331

-

-

16,873,549
461,163
17,334,712

16,942
(10,578)
6,364

16,890,491
450,585
17,341,076

113
1,826
15,996,292

437
550

4,037
51,450
110,754
15,668
24,972,058

62,058,498

14,889
198,591
204,597,263

4,995,508

(198,591)
25,706,295

408,579
(1,792,312)

(55,970)

4,587
51,450
536,048
15,668
336,478,182

48,185
4,453
(513,999)
2,493,952

52,772
55,903
536,048
15,668
(513,999)
338,972,134

股份基礎給付交易
採用權益法認列之關聯企業及合資之變動數
限制員工權利新股
其他資本公積變動
處分透過其他綜合損益按公允價值衡量之權益工具
非控制權益
民國一一二年三月三十一日餘額

$

$

$

$

$

$

$

$

$

$

$

(請參閱合併財務報表附註)
董事長：蔡明介

經理人：蔡力行

-7-

會計主管：顧大為

$

