聯華電子股份有限公司及子公司
合 併 資 產 負 債 表
民國一一二年三月三十一日、一一一年十二月三十一日及一一一年三月三十一日
(民國一一二年及一一一年三月三十一日僅經核閱，未依審計準則查核)
(金額均以新臺幣千元為單位)

代 碼

資

產

1100
1110
1120
1136
1140
1170
1180
1200
1220
130X
1410
1470
11XX

流動資產
現金及約當現金
透過損益按公允價值衡量之金融資產-流動
透過其他綜合損益按公允價值衡量之金融資產-流動
按攤銷後成本衡量之金融資產-流動
合約資產-流動
應收帳款淨額
應收帳款-關係人淨額
其他應收款
本期所得稅資產
存貨淨額
預付款項
其他流動資產
流動資產合計

1510
1517
1535
1550
1600
1755
1780
1840
1915
1920
1990
15XX

非流動資產
透過損益按公允價值衡量之金融資產-非流動
透過其他綜合損益按公允價值衡量之金融資產-非流動
按攤銷後成本衡量之金融資產-非流動
採用權益法之投資
不動產、廠房及設備
使用權資產
無形資產
遞延所得稅資產
預付設備款
存出保證金
其他非流動資產-其他
非流動資產合計

1XXX 資產總計

附

一一二年三月三十一日
金
額
％

註

四及六.1
四、五及六.2
四、五及六.3
四及六.4
四及六.21
四及六.5
四及七
四
四
四、五及六.6

$

六.21

四、五及六.2
四、五及六.3
四及六.4
四、六.7及七
四、六.8及八
四、六.9及八
四、六.10及七
四
八

$

171,834,458
751,386
4,394,403
259,264
335,456
26,674,425
390,603
1,838,971
65,094
32,678,867
1,982,304
761,984
241,967,215

31.26
0.14
0.80
0.05
0.06
4.85
0.07
0.33
0.01
5.95
0.36
0.14
44.02

18,056,411
13,869,030
7,491
40,153,924
192,184,500
7,540,463
3,970,977
5,070,034
18,502,796
2,749,664
5,558,609
307,663,899

3.29
2.52
0.00
7.31
34.97
1.37
0.72
0.92
3.37
0.50
1.01
55.98

549,631,114

100.00

(接下頁)

5

一一一年三月三十一日
金
額
％

一一一年十二月三十一日
金
額
％
$

$

173,818,777
705,918
3,213,057
861,817
373,318
36,444,510
530,577
1,807,999
40,256
31,069,960
2,783,945
720,904
252,371,038

32.61
0.13
0.60
0.16
0.07
6.84
0.10
0.34
0.01
5.83
0.52
0.13
47.34

17,784,651
11,976,543
7,491
35,086,289
170,982,066
7,611,991
4,275,200
5,051,369
19,439,559
2,749,691
5,716,204
280,681,054

3.34
2.25
0.00
6.58
32.08
1.43
0.80
0.95
3.65
0.51
1.07
52.66

533,052,092

100.00

$

$

172,170,231
775,035
6,082,662
3,026,877
338,593
37,079,955
967,590
775,428
12,137
25,400,701
2,378,980
674,980
249,683,169

35.66
0.16
1.26
0.62
0.07
7.68
0.20
0.16
0.00
5.26
0.49
0.14
51.70

21,557,371
12,086,558
8,786
38,747,795
130,956,078
7,156,909
3,602,842
5,093,475
9,123,328
2,390,529
2,501,676
233,225,347

4.46
2.50
0.00
8.02
27.12
1.48
0.75
1.06
1.89
0.50
0.52
48.30

482,908,516

100.00

