國巨股份有限公司及其子公司
合併資產負債表
民 國 112 年 9 月 30 日 暨 民 國 111 年 12 月 31 日 及 9 月 30 日
單位：新台幣仟元

代

碼

1100
1110
1136
1139
1150
1170
1200
130X
1410
1470
11XX

資
流動資產
現金及約當現金（附註六）
透過損益按公允價值衡量之金融資產－流動（附註七）
按攤銷後成本衡量之金融資產－流動（附註九）
避險之金融資產－流動（附註十）
應收票據淨額（附註十一）
應收帳款淨額（附註十一、三四及三五）
其他應收款（附註三四）
存貨（附註十二及三五）
預付款項
其他流動資產
流動資產總計

1510
1517
1535
1538
1550
1600
1755
1760
1805
1821
1840
1920
1990
15XX

非流動資產
透過損益按公允價值衡量之金融資產－非流動（附註七）
透過其他綜合損益按公允價值衡量之金融資產－非流動（附註八）
按攤銷後成本衡量之金融資產－非流動（附註九）
避險之金融資產－非流動（附註十）
採用權益法之投資（附註十四）
不動產、廠房及設備（附註十五及三五）
使用權資產
投資性不動產（附註十六）
商譽（附註十七）
其他無形資產淨額（附註十八）
遞延所得稅資產（附註二五）
存出保證金
其他非流動資產
非流動資產總計

1XXX

資

代
2100
2110
2120
2150
2170
2200
2230
2280
2320
2399
21XX

負
債
及
權
流動負債
短期借款（附註十九及三五）
應付短期票券（附註十九）
透過損益按公允價值衡量之金融負債－流動（附註七）
應付票據
應付帳款（附註三四）
其他應付款（附註二一及三四）
本期所得稅負債（附註二五）
租賃負債－流動
一年內到期之長期借款及應付公司債（附註十九及二十）
其他流動負債
流動負債總計

2511
2530
2540
2570
2580
2640
2645
2670
25XX

非流動負債
避險之金融負債－非流動（附註十）
應付公司債（附註二十）
長期借款（附註十九及三五）
遞延所得稅負債（附註二五）
租賃負債－非流動
淨確定福利負債（附註四及二二）
存入保證金
其他非流動負債
非流動負債總計

碼

產

2XXX

總

36XX

非控制權益

3310
3320
3350
3300

3XXX

$

(
(

權益總計
負 債

與 權 益 總

％

111年12月31日
額

金

65,138,131
2,115,306
15,370,499
264,223
219,129
21,000,345
2,167,221
25,016,739
2,720,273
880,673
134,892,539

21
5
7
1
8
1
43

1,328,022
1,545,144
21,623,339
1,235,908
5,396,065
66,570,664
1,425,233
36,253
51,036,246
25,127,203
3,151,679
217,063
796,407
179,489,226

$

％

39,420,666
4,545,168
13,157,089
161,905
116,684
22,146,434
2,252,805
26,944,816
1,951,980
1,007,044
111,704,591

14
1
5
8
1
10
1
40

1
7
2
21
1
16
8
1
57

1,331,226
812,139
20,400,172
831,882
3,395,606
59,871,278
1,263,123
36,936
47,848,779
24,331,270
3,567,488
221,940
1,569,119
165,480,958

$ 314,381,765

100

$

18,072,309
37,948,934
49,074
1,171
14,854,499
20,315,573
5,601,781
300,033
11,911,759
491,178
109,546,311

6
12
5
6
2
4
35

1,390,554
18,768,481
29,695,886
6,887,416
994,973
2,785,322
177,625
5,391,472
66,091,729

$

％

37,066,515
6,250,701
13,749,710
96,704
107,948
24,104,955
1,344,507
28,774,410
2,093,046
549,249
114,137,745

13
2
5
9
1
10
1
41

1
7
1
22
1
17
9
1
1
60

1,397,984
833,714
19,179,749
1,283,234
3,312,555
56,805,933
1,190,164
38,615
49,013,971
25,016,503
3,822,728
225,212
1,479,594
163,599,956

1
7
1
1
20
18
9
1
1
59

$ 277,185,549

100

$ 277,737,701

100

$

12,492,638
28,075,967
210,354
852
14,353,411
23,136,523
5,930,871
321,627
9,172,781
1,221,072
94,916,096

5
10
5
8
2
3
1
34

$

22,797,140
20,073,687
554,507
1,171
17,919,507
18,836,605
5,464,369
337,356
8,652,019
810,247
95,446,608

8
7
7
7
2
3
34

6
10
2
1
2
21

948,367
14,950,010
30,386,761
5,128,315
837,828
2,261,457
281,411
5,925,987
60,720,136

6
11
2
1
2
22

1,404,400
15,032,292
30,012,123
6,365,779
758,067
2,506,570
290,643
5,934,212
62,304,086

1
6
11
2
1
2
23

175,638,040

56

155,636,232

56

157,750,694

57

4,231,453
2
4,231,455

1
1

4,212,608
1,934
4,214,542

2
2

4,212,608
4,212,608

2
2

41,545,660
8,016
157,438
262,459
128,883
42,102,456

14
14

41,250,842
151,159
277,878
41,679,879

15
15

41,163,603
155,351
282,445
41,601,399

15
15

12,586,364
610,919
72,612,339
85,809,622

4
23
27

10,694,034
9,911,736
56,678,721
77,284,491

4
4
20
28

10,694,034
9,911,736
52,221,667
72,827,437

4
3
19
26

6,398,743
125,526
189,275
82,303 )
6,631,241
2,030,720 )
136,744,054

2
2
1 )
43

421,272 )
14,098 )
631,535
196,165
2,030,720 )
121,344,357

1 )
44

2,561,238
10,089
601,513
3,172,840
2,030,720 )
119,783,564

1
1
1 )
43

計

(

(
(

(

(

(

(

1,999,671

1

204,960

-

203,443

-

138,743,725

44

121,549,317

44

119,987,007

43

$ 314,381,765

100

$ 277,185,549

100

$ 277,737,701

100

後附之附註係本合併財務報告之一部分。
（ 請 參 閱 勤 業 眾 信 聯 合 會 計 師 事 務 所 民 國 112 年 10 月 26 日 核 閱 報 告 ）

董事長：陳泰銘

111年9月30日
額

金

益

負債總計

3410
3420
3450
3490
3400
3500
31XX

3211
3220
3260
3272
3273
3200

112年9月30日
額

金

計

歸屬於本公司業主之權益
股
本
普 通 股
債券換股權利證書
股本總計
資本公積
發行溢價
庫藏股票交易
採用權益法認列之關聯企業及合資股權淨值之變動數
可轉換公司債認列權益組成部份
限制員工權利股票
資本公積總計
保留盈餘
法定盈餘公積
特別盈餘公積
未分配盈餘
保留盈餘總計
其他權益
國外營運機構財務報表換算之兌換差額
透過其他綜合損益按公允價值衡量之金融資產未實現損益
避險工具損益
員工未賺得酬勞
其他權益總計
庫藏股票
本公司業主之權益總計

3110
3130
3100

產

經理人：王淡如

會計主管：楊文翔

- 5 -

