聯華電⼦股份有限公司及⼦公司
合 併 資 產 負 債 表
民國⼀⼀⼀年三⽉三⼗⼀⽇、⼀⼀○年⼗⼆⽉三⼗⼀⽇及⼀⼀○年三⽉三⼗⼀⽇
(民國⼀⼀⼀年及⼀⼀○年三⽉三⼗⼀⽇僅經核閱，未依⼀般公認審計準則查核)
(⾦額均以新臺幣千元為單位)

代 碼

資

產

1100
1110
1120
1136
1140
1170
1180
1200
1220
130X
1410
1470
11XX

流動資產
現⾦及約當現⾦
透過損益按公允價值衡量之⾦融資產-流動
透過其他綜合損益按公允價值衡量之⾦融資產-流動
按攤銷後成本衡量之⾦融資產-流動
合約資產-流動
應收帳款淨額
應收帳款-關係⼈淨額
其他應收款
本期所得稅資產
存貨淨額
預付款項
其他流動資產
流動資產合計

1510
1517
1550
1600
1755
1780
1840
1915
1920
1990
15XX

⾮流動資產
透過損益按公允價值衡量之⾦融資產-⾮流動
透過其他綜合損益按公允價值衡量之⾦融資產-⾮流動
採⽤權益法之投資
不動產、廠房及設備
使⽤權資產
無形資產
遞延所得稅資產
預付設備款
存出保證⾦
其他⾮流動資產-其他
⾮流動資產合計

1XXX 資產總計

附

⼀⼀⼀年三⽉三⼗⼀⽇
⾦
額
％

註

六.1
六.2
六.3

$

六.20
六.4
七

六.5
六.7及六.20

六.2及七
六.3
六.6
六.8及⼋
六.9及⼋
六.10及七

⼋

$

172,170,231
775,035
6,082,662
20,000
338,593
37,079,955
967,590
775,428
12,137
25,400,701
2,378,980
3,681,857
249,683,169

35.66
0.16
1.26
0.00
0.07
7.68
0.20
0.16
0.00
5.26
0.49
0.76
51.70

21,557,371
12,086,558
38,747,795
130,956,078
7,156,909
3,602,842
5,093,475
9,123,328
2,390,529
2,510,462
233,225,347

4.46
2.50
8.02
27.12
1.48
0.75
1.06
1.89
0.50
0.52
48.30

482,908,516

100.00

(接下⾴)
5

⼀⼀○年三⽉三⼗⼀⽇
⾦
額
％

⼀⼀○年⼗⼆⽉三⼗⼀⽇
⾦
額
％
$

$

132,622,131
945,021
8,482,334
20,000
319,621
34,624,109
566,338
857,233
2,597
23,011,183
2,376,024
29,446,842
233,273,433

28.56
0.20
1.83
0.00
0.07
7.46
0.12
0.18
0.00
4.96
0.51
6.34
50.23

19,501,274
11,353,331
41,692,084
129,941,703
7,126,845
3,644,933
5,395,993
8,322,874
2,358,549
1,815,752
231,153,338

4.20
2.44
8.98
27.98
1.53
0.79
1.16
1.79
0.51
0.39
49.77

464,426,771

100.00

$

$

107,285,177
1,031,863
249,468
28,839,306
397,702
1,491,776
34,934
22,225,438
2,401,731
15,125,747
179,083,142

27.21
0.26
0.06
7.31
0.10
0.38
0.01
5.64
0.61
3.84
45.42

16,652,876
14,702,528
33,480,086
126,430,095
7,609,051
4,657,989
6,177,033
2,014,082
2,272,053
1,183,219
215,179,012

4.22
3.73
8.49
32.07
1.93
1.18
1.57
0.51
0.58
0.30
54.58

394,262,154

100.00

