聯華電⼦股份有限公司及⼦公司
合 併 綜 合 損 益 表
民國⼀⼀⼀年及⼀⼀○年⼀⽉⼀⽇⾄三⽉三⼗⼀⽇
(僅經核閱，未依⼀般公認審計準則查核)
(⾦額除每股盈餘外，均以新臺幣千元為單位)
⼀⼀⼀年⼀⽉⼀⽇⾄三⽉三⼗⼀⽇ ⼀⼀○年⼀⽉⼀⽇⾄三⽉三⼗⼀⽇
代

碼

項

⽬

4000 營業收⼊
5000 營業成本
5950 營業⽑利
營業費⽤

附

⾦

註

六.20及七
六.5、六.10、六.15、六.19、
六.20、六.21及七

$

額

%

63,422,820

100.00

⾦

額

%

47,097,012

100.00

(35,918,490)
27,504,330

(56.63)

(34,602,710)

(73.47)

43.37

12,494,302

26.53

$

六.4、六.10、六.15、六.19、
六.21及七

6100

推銷費⽤

(1,254,548)

(1.98)

(1,089,397)

(2.31)

6200

管理費⽤

(2,226,939)

(3.51)

(1,806,266)

(3.84)

6300

研究發展費⽤

(3,032,939)

(4.78)

(3,048,992)

(6.47)

6450

預期信⽤減損利益

945

0.00

12,452

0.02

6000

營業費⽤合計

(6,513,481)

(10.27)

(5,932,203)

(12.60)

1,343,338

2.12

1,059,648

2.25

22,334,187

35.22

7,621,747

16.18

6500 其他收益及費損淨額

六.16及六.22

6900 營業利益
營業外收⼊及⽀出
7100

利息收⼊

168,970

0.27

116,443

0.25

7010

其他收⼊

16,630

0.03

14,106

0.03

7020

其他利益及損失

六.23

2,564,170

4.04

1,776,997

3.77

7050

財務成本

六.23

(503,890)

(0.80)

(406,249)

(0.86)

7060

採⽤權益法認列之關聯企業及合資損益之份額

六.6

(1,858,432)

(2.93)

1,766,569

3.75

7230

外幣兌換利益

926,239

1.46

93,456

0.20

7000

營業外收⼊及⽀出合計

7900 稅前淨利
7950 所得稅費⽤

2.07

3,361,322

7.14

37.29

10,983,069

23.32

(3,582,251)

(5.65)

(1,094,171)

(2.32)

20,065,623

31.64

9,888,898

21.00

(1,666,445)

(2.63)

4,176,385

8.87

(733,160)

(1.15)

875,739

1.86

(55,120)

(0.09)

(33,302)

(0.07)

3,773,432

5.95

(1,456,238)

(3.10)

133,067

0.21

(5,576)

(0.01)
(0.00)

六.25

8200 本期淨利
其他綜合損益

1,313,687
23,647,874

六.24

不重分類⾄損益之項⽬
8316

透過其他綜合損益按公允價值衡量之
權益⼯具投資未實現評價損益

8320

採⽤權益法認列之關聯企業及合資之其他綜合
損益之份額-不重分類⾄損益之項⽬

8349

與不重分類之項⽬相關之所得稅

六.25

後續可能重分類⾄損益之項⽬
8361

國外營運機構財務報表換算之兌換差額

8370

採⽤權益法認列之關聯企業及合資之其他綜合

8399

與可能重分類之項⽬相關之所得稅

損益之份額-可能重分類⾄損益之項⽬
(29,890)

(0.05)

(1,018)

1,421,884

2.24

3,555,990

7.55

$

21,487,507

33.88

$

13,444,888

28.55

$

19,807,535

31.23

$

10,427,915

22.14

258,088

0.41

$

20,065,623

31.64

$

21,229,387

33.47

258,120

0.41

21,487,507

33.88

六.25

8300 本期其他綜合損益(淨額)
8500 本期綜合損益總額
淨利(損)歸屬於：
8610

⺟公司業主

8620

⾮控制權益

(539,017)

(1.14)

$

9,888,898

21.00

$

13,983,907

29.69

綜合損益總額歸屬於：
8710

⺟公司業主

8720

⾮控制權益
$

9750

每股盈餘
基本每股盈餘

9850

稀釋每股盈餘

$

(539,019)

(1.14)

13,444,888

28.55

六.26
$

1.61

$

0.85

$

1.58

$

0.84

(請 參 閱 合 併 財 務 報 告 附 註)
董事⾧：洪嘉聰

經理⼈：簡⼭傑、王⽯

7

會計主管：劉啟東

