聯發科技股份有限公司及子公司
合併綜合損益表
民國一一二年一月一日至九月三十日
及民國一一一年一月一日至九月三十日
(金額除每股盈餘外，均以新台幣仟元為單位)

代碼

項

目

附

4000 營業收入

六.22及七

5000 營業成本

六.7、六.25及七

一一二年第三季

註

金
$

5900 營業毛利

6000 營業費用

一一一年第三季

額

%

金

110,097,528

100

(57,905,182)
52,192,346

一一二年前三季

額

%

142,161,276

100

(53)

(72,065,867)

47

70,095,409

$

金

一一一年前三季

額

%

303,884,325

100

(51)

(159,133,675)

49

144,750,650

$

金

額

%

440,601,946

100

(52)

(221,958,877)

(50)

48

218,643,069

50

(3)

$

六.23、六.24、六.25及七

6100

推銷費用

(3,777,662)

(3)

(3,526,557)

(3)

(9,764,529)

(3)

(10,571,866)

6200

管理費用

(2,260,562)

(2)

(3,405,911)

(2)

(6,954,089)

(2)

(10,539,212)

(2)

6300

研究發展費用

(28,242,000)

(26)

(30,105,923)

(21)

(80,912,650)

(27)

(88,827,171)

(20)

6450

預期信用減損利益(損失)
營業費用合計

6900 營業利益

32,348

-

(2,988)

-

(55,600)

-

(2,623)

-

(34,247,876)

(31)

(37,041,379)

(26)

(97,686,868)

(32)

(109,940,872)

(25)

17,944,470

16

33,054,030

23

47,063,782

16

108,702,197

25

7000 營業外收入及支出
7100

利息收入

六.26

1,663,575

2

908,318

1

4,939,247

1

1,882,409

-

7010

其他收入

六.27及七

1,140,900

1

962,996

1

5,566,507

2

2,166,617

1

7020

其他利益及損失

六.28

317,531

-

715,656

-

1,022,298

-

976,384

-

7050

財務成本

六.29

(253,119)

-

(118,494)

-

(327,604)

-

(263,288)

-

7060

採用權益法認列之關聯企業及合資損益之份額

六.9

179,607

-

73,982

-

202,674

-

1,039,588

-

3,048,494

3

2,542,458

2

11,403,122

3

5,801,710

1

20,992,964

19

35,596,488

25

58,466,904

19

114,503,907

26

(2,424,450)

(2)

(4,511,127)

(3)

(6,989,075)

(2)

(14,393,288)

(3)

18,568,514

17

31,085,361

22

51,477,829

17

100,110,619

23

營業外收入及支出合計

7900 稅前淨利
7950 所得稅費用

四及六.31

8200 本期淨利

8300 其他綜合損益
8310

四、六.9、六.30及六.31

不重分類至損益之項目

8316

透過其他綜合損益按公允價值衡量之權益工具投資
未實現評價損益

(591,979)

(1)

(5,105,235)

(4)

9,906,581

3

(9,523,538)

(2)

8320

採用權益法認列之關聯企業及合資之其他綜合損益
之份額

(497,689)

(1)

(6,989,418)

(5)

(396,760)

-

(26,628,085)

(6)

與不重分類項目相關之所得稅

908,894

1

295,107

-

(6,965)

-

1,079,299

-

8349
8360

後續可能重分類至損益之項目

8361

國外營運機構財務報表換算之兌換差額

9,702,098

9

16,498,346

12

11,031,427

4

33,547,631

8

8367

透過其他綜合損益按公允價值衡量之債務工具投資
未實現評價損益

(3,588)

-

(17,101)

-

(1,258)

-

(42,690)

-

8370

採用權益法認列之關聯企業及合資之其他綜合損益
之份額

(25,010)

-

(1,757,966)

(1)

(383,132)

-

(3,402,564)

(1)

9,492,726

8

2,923,733

2

20,149,893

7

(4,969,947)

(1)

$

28,061,240

25

$

34,009,094

24

$

71,627,722

24

$

95,140,672

22

$

18,477,639

$

30,954,628

$

51,315,980

$

99,653,029

本期其他綜合損益(稅後淨額)

8500 本期綜合損益總額

8600 淨利歸屬於：
8610

母公司業主

六.32

8620

非控制權益

六.20

90,875

130,733

161,849

457,590

$

18,568,514

$

31,085,361

$

51,477,829

$

100,110,619

$

27,954,441

$

33,840,492

$

71,469,210

$

94,645,930

8700 綜合損益總額歸屬於：
8710

母公司業主

8720

非控制權益

106,799

9750 基本每股盈餘(元)
9710

158,512

494,742

$

28,061,240

$

34,009,094

$

71,627,722

$

95,140,672

$

11.64

$

19.54

$

32.35

$

62.95

$

11.61

$

19.47

$

32.23

$

62.63

六.32

本期淨利

9850 稀釋每股盈餘(元)
9810

168,602

六.32

本期淨利

(請參閱合併財務報表附註)

董事長：蔡明介

經理人：蔡力行

-6-

會計主管：顧大為

