台 灣 化 學 纖 維 股 份 有 限 公 司 及 子 公 司
合 併 資 產 負 債 表
民國 112 年 9 月 30 日及民國 111 年 12 月 31 日、9 月 30 日、1 月 1 日
單位：新台幣仟元

資
1100
1110
1120
1136
1150
1160
1170
1180
1200
1210
130X
1470
11XX
1517
1535
1550
1600
1755
1780
1840
1900
15XX
1XXX

2100
2110
2120
2150
2170
2180
2200
2220
2230

產

流動資產
現金及約當現金
透過損益按公允價值衡量之金融資產－流動
透過其他綜合損益按公允價值衡量之金融資產
－流動
按攤銷後成本衡量之金融資產－流動
應收票據淨額
應收票據－關係人淨額
應收帳款淨額
應收帳款－關係人淨額
其他應收款
其他應收款－關係人
存貨
其他流動資產
流動資產合計
非流動資產
透過其他綜合損益按公允價值衡量之金融資產
－非流動
按攤銷後成本衡量之金融資產－非流動
採用權益法之投資
不動產、廠房及設備
使用權資產
無形資產
遞延所得稅資產
其他非流動資產
非流動資產合計
資產總計
負債及權益
流動負債
短期借款
應付短期票券
透過損益按公允價值衡量之金融負債－流動
應付票據
應付帳款
應付帳款－關係人
其他應付款
其他應付款項－關係人
本期所得稅負債

附註
六(一)
六(二)
六(三)

112 年 9 月 30 日
金
額
%

(
調
整
後
)
111 年 12 月 31 日
金
額
%

(
調
整
後
)
111 年 9 月 30 日
金
額
%

1 1 1 年 1 月 1 日
金
額
%

$

$

$

$

六(四)
六(五)
六(五)及七
六(五)
六(五)及七
七
七
六(六)及八

29,124,299
1,699,861

5
-

33,002,871
1,797,262

6
-

91,535,106
3,314,797
7,462,007
22,442
15,637,673
7,671,673
3,952,232
688,539
44,599,854
11,272,897
216,981,380

44,429,579
1,713,741

8
-

16
1
1
3
1
1
8
2
38

92,125,314
4,565,618
6,550,164
8,147
16,355,474
7,145,791
4,483,253
2,429,252
48,437,390
7,813,014
224,713,550

54,245,085
3,223,896
126,011,916

10
1
22

150,113,509
1,581,801
346,689
2,259,494
10,015,688
347,798,078
564,779,458

27
2
62
100

42,442,729
25,247,936
156,778
6,208,634
12,165,083
10,754,243
1,528,054
308,282

8
4
1
2
2
-

23,062,097
3,903,900

4
1

17
1
1
3
1
1
9
1
40

89,544,208
70,505
6,645,665
11,062
17,715,186
7,826,842
3,935,037
3,781,127
53,708,674
10,087,133
239,468,759

15
1
3
1
1
1
9
2
41

116,451,723
1,953,235
8,173,238
8,505
20,204,508
8,719,009
2,742,096
2,698,693
47,200,475
11,513,548
246,631,027

20
1
3
2
8
2
41

51,954,437
2,250,169
117,661,397

9
1
21

60,865,103
46,210
122,225,794

11
21

72,999,266
2,390,179
129,632,702

12
1
22

142,861,143
1,650,577
340,914
2,139,083
11,975,026
330,832,746
555,546,296

26
1
2
60
100

142,607,851
1,711,259
341,185
1,313,633
12,007,080
341,118,115
580,586,874

25
2
59
100

130,897,801
1,577,555
5,884
2,240,322
11,970,535
351,714,244
598,345,271

22
2
59
100

35,117,887
32,892,666
2,826
164,722
4,801,464
13,884,528
12,432,106
1,472,658
903,787

6
6
1
3
2
-

41,779,034
27,433,572
175,379
6,345,438
14,786,891
12,892,386
1,502,246
1,276,288

7
5
1
3
2
-

17,512,874
17,796,625
246,102
3,888,771
17,527,128
12,762,681
542,013
5,732,381

3
3
3
2
1

六(三)
六(四)及八
六(七)
六(八)(二十八)、七及
八
六(九)
六(二十八)
六(一)(二十八)
$

六(十)
六(十)
六(十一)
七
七
七

$

(續 次 頁)
~7~

$

$

$

$

$

$



台 灣 化 學 纖 維 股 份 有 限 公 司 及 子 公 司
合 併 資 產 負 債 表
民國 112 年 9 月 30 日及民國 111 年 12 月 31 日、9 月 30 日、1 月 1 日
單位：新台幣仟元

負債及權益
2280
2320
2399
21XX
2530
2540
2570
2580
2600
25XX
2XXX

3110
3200
3310
3320
3350
3400
3500
31XX
36XX
3XXX

3X2X

租賃負債－流動
一年或一營業週期內到期長期負債
其他流動負債－其他
流動負債合計
非流動負債
應付公司債
長期借款
遞延所得稅負債
租賃負債－非流動
其他非流動負債
非流動負債合計
負債總計
歸屬於母公司業主之權益
股本
普通股股本
資本公積
資本公積
保留盈餘
法定盈餘公積
特別盈餘公積
未分配盈餘
其他權益
其他權益
庫藏股票
歸屬於母公司業主之權益合計
非控制權益
權益總計
重大或有負債及未認列之合約承諾
重大之期後事項
負債及權益總計

附註
六(十二)(十三)

(
調
整
後
)
111 年 12 月 31 日
金
額
%
$
165,804
11,045,140
2
4,067,358
1
116,950,946
21

112 年 9 月 30 日
金
額
%
$
163,297
4,485,071
1
2,967,771
1
106,427,878
19

六(十二)
六(十三)

六(十四)

(
調
整
後
)
111 年 9 月 30 日
金
額
%
$
169,097
13,409,193
3
4,683,149
1
124,452,673
22

1 1 1 年 1 月 1 日
金
額
%
$
110,520
4,550,000
1
4,247,942
1
84,917,037
14

36,850,000
36,153,426
467,218
744,909
4,457,253
78,672,806
185,100,684

7
6
1
14
33

40,650,000
18,568,279
383,054
804,249
4,825,636
65,231,218
182,182,164

7
4
1
12
33

40,650,000
18,894,498
377,618
842,921
5,240,353
66,005,390
190,458,063

7
3
1
11
33

45,500,000
17,177,183
382,012
793,472
5,594,613
69,447,280
154,364,317

8
3
1
12
26

58,611,863

10

58,611,863

11

58,611,863

10

58,611,863

10

9,270,762

1

9,246,656

2

9,234,589

2

9,192,999

1

70,997,369
76,602,492
43,365,589

13
14
8

70,224,189
76,461,277
41,405,257

13
14
7

70,224,189
76,461,277
48,489,193

12
13
8

66,313,982
70,032,921
72,145,718

11
12
12

76,297,335
323,952)
334,821,458
44,857,316
379,678,774

13
- (
59
8
67

70,501,451
323,952)
326,126,741
47,237,391
373,364,132

12
- (
59
8
67

78,283,532
323,952)
340,980,691
49,148,120
390,128,811

14
- (
59
8
67

114,997,001
323,952)
390,970,532
53,010,422
443,980,954

19
65
9
74

564,779,458

100

555,546,296

100

580,586,874

100

598,345,271

100

六(十五)
六(十六)
六(十七)

六(十八)
六(十五)

(

六(二十八)
九
十一
$

$

$

$

後附合併財務報表附註為本合併財務報告之一部分，請併同參閱。

董事長：洪福源

經理人：呂文進

~8~

會計主管：鄭文彥

