公司

民國111年及110年 7月1日至9 ；

1年及110年1 月1 日至9月30日

（僅經核閱电

公宓*寧噂t準則查核）
單位：新台幣仟元，惟
每股盈餘為元

m年7月1日至9月30日

110年7月1日至9月30日

111年1月1日至9月30日

額

％

金

額

％

金

額

％

金

額

％

4100

營業收入
銷貨收入（附註二十及三四）

$ 6,077,173

100

$ 6,663,429

100

$19,808,521

100

$19,632,353

100

5110

營業成本
銷貨成本（附註十及二-*）

3,262,883

54

3,384,194

51

10,820,108

55

10,021,046

51

5900

營業毛利

2,814,290

46

3,279,235

49

8,988,413

45

9,611,307

49

6100
6200
6300
6450
6000

營業費用（附註二…）
推銷費用
管理費用
研究發展費用
預期信用減損損失（利益）
營業費用合計

626,899
305,934
184,819
6,376)
L11L276

10
5
3
18

585,804
505,533
152,205
6,809
1,250,351

9
8
2

9
4
3

19

1,898,833
821,844
543,778
17,549
3,282,004

16

1,705,148
1,015,791
441,850
33,455
3,196,244

9
5
2
16

6900

營業淨利

1,703,014

2,028,884

30

5,706,409

29

6,415,063

33

7100
7020
7050
7000

營業外收入及支出（附註二一）
利息收入
其他利益及損失
財務成本
營業外收入及支出合計

1
1

2

22,947
83,470
54,164)
52,253

1

76,133
386,070
103,475)
358,728

73,262
19,210)
149439)
95,087)

.
( 1)
(__1)

7900

繼績營業單位稅前淨利

1,802,234

30

2,081,137

31

6,065,137

31

6,319,976

32

7950

所得稅費用（附註四及二二）

411,201

7

480,532

7

1,394,306

7

1,484,268

7

8200

本期淨利

1,391,033

23

1,600,605

24

4,670,831

24

4,835,708

25

305,956

5

(

21,206)

1,083,920

5

55,612)

（且 ）

（一

3,541)

250,344

4

(-

24,747)

—二

879,438

4

U£75,858

24

^=5x550/262

堡

$ 1,600,763
158)
1 1,600,605

24
___z
24

$ 4,671,193
)
( ；_______
$ 4,670,831

24
24

$ 1,576,015
157)
1 L575.858

24

$ 5,550,662
I:____
)
$ 5550269

28
-

代碼

8310
8341
8360
8361
8300

金

其他綜合損益
不重分類至損益之項目：
換算表達貨幣之兌換差額
後續可能重分類至損益之項目：
國外營運機構財務報表換算
之兌換差額
本期其他綜合損益（稅後淨
額）

(-

（一

28,369
105,275
34,424)
99,220

1
2
(且)

8500

本期綜合損益總額

$ L641,377

27

8600
8610
8620

淨利歸屬於：
本公司業主
非控制權益

(—

$ 1,391,166
133)
£ L39L033

__ Z
23

8700
8710
8720

9710
9810

綜合損益總額歸屬於：
本公司業主
非控制權益

每股盈餘（附註二三）
基
本
稀
釋

$ 1,641,519
142)
(—
L64L377

$
$

23

27
__ 二

27

(

(—

-

(顼

(

(—

(—

6.96
6.95

$

)

2
2

II

23.36
23.34

-11 r

經理人：王世忠

會計主管：曹永祥

-5 -

(
(
(

(

400,927)

2)

(

-

13,085

(1)

後附之附註係本合併財務報告之一部分。

董事長 :王世忠

110年1月1日至9月30日

(

387,842)(顼

$ 4,836,237
(

)

25

$ 4,835,708

$ 4,448,377
(

$ 4,447,866

25
__z

23

)二

23

