聯發科技股份有限公司及子公司
合併資產負債表
民國一一一年九月三十日、一一○年十二月三十一日及一一○年九月三十日
(民國一一一年及一一○年九月三十日僅經核閱，未依一般公認審計準則查核)
(金額均以新台幣仟元為單位)
代碼

資

產

1100
1110
1120
1136
1141
1150
1170
1180
1200
1220
130x
1410
1470
11xx

流動資產
現金及約當現金
透過損益按公允價值衡量之金融資產－流動
透過其他綜合損益按公允價值衡量之金融資產－流動
按攤銷後成本衡量之金融資產－流動
合約資產－流動
應收票據淨額
應收帳款淨額
應收帳款－關係人淨額
其他應收款
本期所得稅資產
存貨淨額
預付款項
其他流動資產
流動資產合計

1510
1517
1535
1550
1600
1755
1760
1780
1840
1920
194D
1995
15xx

非流動資產
透過損益按公允價值衡量之金融資產－非流動
透過其他綜合損益按公允價值衡量之金融資產－非流動
按攤銷後成本衡量之金融資產－非流動
採用權益法之投資
不動產、廠房及設備
使用權資產
投資性不動產淨額
無形資產
遞延所得稅資產
存出保證金
長期應收融資租賃款淨額
其他非流動資產－其他
非流動資產合計

1xxx

資產總計

一一一年九月三十日
金
額
％

附 註
六.1
六.2
六.3
六.4
六.21、六.22及七
六.22
六.5及六.22
六.5、六.22及七
六.6
四及六.30
六.7
六.8及九

$

六.2
六.3
六.4及八
六.9
六.10
六.23
六.11
六.12及六.13
四及六.30
九
六.22及六.23
九

$

一一○年十二月三十一日
金
額
％

141,568,596
9,052,115
3,098,008
5,473,880
6,000
34,616
65,836,130
42,117
7,011,218
175,227
83,438,447
4,881,197
2,194,392
322,811,943

22
2
1
10
1
13
1
50

7,993,408
54,953,853
23,118,568
40,855,335
53,998,417
9,095,925
2,120,537
73,833,738
11,142,395
10,066,766
1,455,784
28,447,306
317,082,032

1
9
4
6
8
2
12
2
2
4
50

639,893,975

100

$

$

一一○年九月三十日
金
額
％

183,704,594
10,695,832
6,705,920
3,657,229
2,811
58,577,900
79,236
6,931,246
140,950
73,270,606
1,809,392
1,289,010
346,864,726

28
2
1
1
9
1
11
53

4,458,892
52,196,718
11,180,498
60,287,258
49,111,180
3,478,527
1,605,354
73,525,649
8,412,894
9,334,669
1,455,784
38,964,599
314,012,022

1
8
2
9
7
1
11
1
1
6
47

660,876,748

100

$

$

(請參閱合併財務報表附註)
董事長：蔡明介

經理人：蔡力行

-4-

會計主管：顧大為

168,237,873
8,771,626
6,750,689
3,584,292
79,702
55,501,742
135,409
6,978,871
222,645
68,793,480
1,787,800
1,041,226
321,885,355

28
1
1
1
9
1
11
1
53

4,440,430
52,102,031
10,896,264
55,215,158
45,614,236
3,221,935
1,617,623
74,660,958
7,143,112
6,459,020
1,455,784
23,762,723
286,589,274

1
9
2
9
7
1
12
1
1
4
47

608,474,629

100

