聯華電子股份有限公司及子公司
合 併 資 產 負 債 表
民國一一一年九月三十日、一一○年十二月三十一日及一一○年九月三十日
(民國一一一年及一一○年九月三十日僅經核閱，未依一般公認審計準則查核)
(金額均以新臺幣千元為單位)

代 碼

資

產

1100
1110
1120
1136
1140
1150
1170
1180
1200
1220
130X
1410
1470
11XX

流動資產
現金及約當現金
透過損益按公允價值衡量之金融資產-流動
透過其他綜合損益按公允價值衡量之金融資產-流動
按攤銷後成本衡量之金融資產-流動
合約資產-流動
應收票據
應收帳款淨額
應收帳款-關係人淨額
其他應收款
本期所得稅資產
存貨淨額
預付款項
其他流動資產
流動資產合計

1510
1517
1535
1550
1600
1755
1780
1840
1915
1920
1990
15XX

非流動資產
透過損益按公允價值衡量之金融資產-非流動
透過其他綜合損益按公允價值衡量之金融資產-非流動
按攤銷後成本衡量之金融資產-非流動
採用權益法之投資
不動產、廠房及設備
使用權資產
無形資產
遞延所得稅資產
預付設備款
存出保證金
其他非流動資產-其他
非流動資產合計

附

註

金

六.1
六.2
六.3
六.4
六.21

$

六.5
七

六.6
六.13及六.21

六.2及七
六.3
六.4
六.7
六.8及八
六.9及八
六.10及七

八

1XXX 資產總計

$

(接下頁)
5

一一一年九月三十日
額
％

180,649,140
674,821
2,446,101
896,103
384,060
43,586,419
1,255,658
1,615,226
18,930
30,101,698
2,573,697
2,742,785
266,944,638

34.78
0.13
0.47
0.17
0.08
8.39
0.24
0.31
0.00
5.80
0.50
0.53
51.40

18,662,043
10,347,617
16,277
32,909,670
149,118,651
7,902,894
4,200,891
5,127,554
16,427,894
2,757,248
4,978,543
252,449,282

3.59
1.99
0.00
6.34
28.71
1.52
0.81
0.99
3.16
0.53
0.96
48.60

519,393,920

100.00

一一○年十二月三十一日
金
額
％
$

$

一一○年九月三十日
金
額
％

132,622,131
945,021
8,482,334
28,854,684
319,621
34,624,109
566,338
857,233
2,597
23,011,183
2,376,024
612,158
233,273,433

28.56
0.20
1.83
6.21
0.07
7.46
0.12
0.18
0.00
4.96
0.51
0.13
50.23

$ 113,104,860
939,421
6,452,239
30,560,960
249,928
66
32,737,635
247,842
1,134,969
6,994
23,149,692
2,169,867
848,953
211,603,426

26.38
0.22
1.50
7.13
0.06
0.00
7.63
0.06
0.26
0.00
5.40
0.51
0.20
49.35

19,501,274
11,353,331
8,786
41,692,084
129,941,703
7,126,845
3,644,933
5,395,993
8,322,874
2,358,549
1,806,966
231,153,338

4.20
2.44
0.00
8.98
27.98
1.53
0.79
1.16
1.79
0.51
0.39
49.77

17,286,421
7,209,128
8,786
38,321,811
125,701,909
7,238,525
4,191,725
5,660,239
7,542,238
2,410,884
1,617,539
217,189,205

4.03
1.68
0.00
8.94
29.31
1.69
0.98
1.32
1.76
0.56
0.38
50.65

464,426,771

100.00

$ 428,792,631

100.00

