民國1"年9月3糠盼羣$|月31日及9月30日
歸勰験泌蹒監■螫沒i*!第才泌

單位：新台幣仟元

m年9月30日

1150
1170
1200
1220
130X
1470
11XX

資
產
流動資產
現金及約當現金（附註六）
透過損葢按公允價值衡量之金融資產一流動（附註
七）
按攤銷後成本衡量之金融資產…流動（附註八及三
十）
應收票據（附註九）
應收帳款（附註九及二九）
其他應收款
本期所得稅資產（附註四）
存貨（附註十）
其他流動資產（附註十四）
流動資產總計

1600
1755
1780
1840
1990
15XX

非流動資產
不動產、廠房及設備（附註十二及三十）
使用權資產（附註十三）
其他無形資產
遞延所得稅資產（附註四及二二）
其他非流動資產（附註十四）
非流動資產總計

1XXX

資

代碼

2130
2150
2170
2280
2200
2230
2320
2399
21XX

負
債
及
權
益
流動負債
短期借款（附註十五）
應付短期票券（附註十五）
透過損葢按公允價值衡量之金融負債一流動（附註
七）
合約負債一流動（附註二十）
應付票據（附註十六）
應付帳款（附註十六）
租賃負債…流動（附註十三）
其他應付款（附註十七）
本期所得稅負債（附註四）
一年內到期之長期借款（附註十五及三十）
其他流動負債（附註十七）
流動負債總計

2580
2540
2570
25XX

非流動負債
租賃負債一非流動（附註十三）
長期借款（附註十五及三十）
遞延所得稅負債（附註四及二二）
非流動負債總計

代碼

1100
1110
1136

2100
2110
2120

總

產

金

$

計

4,258,508

3110
3200
3300
3400
31XX

歸屬於本公司業主之權益（附註十九）
普通股
資本公聶
保留盈餘
其他權益
本公司業主之權葢總計

36XX

非控制權益

權葢總計
負債與權益總計

(

口0年12月3工日
（經查核）
額
%

金

%

8

$

金

%

4,614,489

10

9

-

16,855

-

16,680

-

828,233
2,564,502
5,971,669
21,745
11,698
6,942,271
295,053
20,893,679

2
5
11
13
1
40

1,831,215
2,092,888
5,389,837
22,976
12,820
5,301,683
27L628
19,324,204

4
5
11
11
1
41

884,710
2,572,018
5,983,426
25,360
17,350
4,367,122
273,948
18,755,如3

2
6
13
-

28,408,708
1,016,799
44,580
439,649
1,590,291
31,500,027

54
2
1
3
60

24,466,511
1,010,259
51,519
568,219
2,267,944
28,364,452

51
2
1
5
59

23,553,371
1,019,318
55,626
570,803
2,238,327
27,437,445

$ 52,393,706

100

队4九678,656

100

$ 46,192,548

$

9,164,112
300,000

18
1

$

3,712,644
780,000

8
2

$ 11,997,071
1,150,000

26
3

62,489
200,906
831,975
68,880
2,351,333
454,948
224,300
13,658,943

2
4
1
-

981
68,712
22&223
1,076,830
60,825
1,731,823
606,389
766,500
188,513
9219,440

2
4
1
2
19

443
57,823
239,113
935,472
63,583
1,577,332
430,656
766,500
162,656
17,380,649

1
2
3
1
2
38

顶

$

9
1
41

51
2

136,313
572,402
708,715

1
_1

148,427
2,805,726
353,392
3,307,545

6
1
__7

159,620
2,804,703
408,22]
3,372,544

6
1
7

367,658

27

12,526,985

26

20,753,193

45

1,890,250
7,082,549
17,924,145
1,465,447)(
25,431497

4
15
39
3)
55

7,858

-

2,000,000
4
14,846,145
29
21,525,234
41
352,686)(；____ )
38,018,693
73

2,000,000
4
14,846,145
31
19,529,933
41
1,232,155)( 二）
35,143,923
74

(

(

7,355

___ I

7,748

38,026,048

73

35451,671

74

25,439,355

55

$ 52,393,706

100

$ 47,678物

100

$ 46,192,548

100

後附之附註係本合併財務報告之一部分。

董事長：王世忠

口。年9月3。日
（經核閲）
額

4,374,302

負債總計

2XXX

3XXX

（經核閲）
額

經理人：王世忠

會計主管：曹永祥

-4 -

