國巨股份有限公司及其子公司
合併綜合損益表
民 國 112 年 及 111 年 7 月 1 日 至 9 月 30 日 以 及 民 國 112 年 及 111 年 1 月 1 日 至 9 月 30 日
單位：新台幣仟元，惟
每股盈餘為元

112年7月1日至9月30日
金
額
％

代 碼
4100

營業收入（附註三四）
銷貨收入－淨額

5000

111年7月1日至9月30日
金
額
％

112年1月1日至9月30日
金
額
％

111年1月1日至9月30日
金
額
％

$ 27,395,845

100

$ 30,795,422

100

$ 80,247,901

100

$ 92,251,747

100

營業成本（附註十二、二四及三四）

18,290,080

67

18,940,123

61

53,653,115

67

56,758,003

62

5900

營業毛利

9,105,765

33

11,855,299

39

26,594,786

33

35,493,744

38

6100
6200
6300
6450
6000

營業費用（附註二四及三四）
行銷費用
管理費用
研究發展費用
預期信用減損損失（迴轉利益）（附註十一） (
營業費用合計

1,522,383
1,469,315
724,824
1,945 )
3,714,577

5
5
3
13

1,654,611
1,834,214
694,431
5,133 )
4,178,123

6
6
2
14

4,505,872
4,494,405
2,195,926
1,700
11,197,903

6
5
3
14

4,959,010
5,363,986
2,117,975
2,112
12,443,083

5
6
2
13

6900

營業淨利

5,391,188

20

7,677,176

25

15,396,883

19

23,050,661

25

7050
7060
7100
7110
7235
7020
7000

營業外收入及支出
財務成本（附註二四）
採用權益法之關聯企業及合資損益份額
利息收入
租金收入（附註三四）
透過損益按公允價值衡量之金融商品淨利益
其他利益及損失（附註二四）
營業外收入及支出合計

7900

稅前淨利

6,284,405

23

8,262,558

27

18,163,628

23

24,685,251

27

7950

所得稅費用（附註四及二五）

1,345,670

5

1,860,494

6

5,377,646

7

6,083,273

7

8200

本期淨利

4,938,735

18

6,402,064

21

12,785,982

16

18,601,978

20

106,210

-

(

38,994 )

-

134,429

-

(

55,316 )

-

306 )
105,904

-

(
(

10,192 )
49,186 )

-

5,088
139,517

-

(
(

17,987 )
73,303 )

-

24
1)

8,334,092
62,234

27
-

11
1)

16,524,885
402,702

18
1

-

44,780

-

-

78,114

-

8316

8320

其他綜合損益
不重分類至損益之項目：
透過其他綜合損益按公允價值衡量之權
益工具投資未實現評價損益（附註二
三）
採用權益法認列之關聯企業及合資之其
他綜合損益份額（附註二三）

(

559,107 )
79,741
1,059,888
5,960
102,485
204,250
893,217

(

8310
8361
8368
8370
8399
8360
8300
8500

8610
8615
8620
8600

8710
8715
8720
8700

9750
9850

後續可能重分類至損益之項目：
國外營運機構財務報表換算之兌換差額
（附註二三）
避險工具之損益
採用權益法認列之關聯企業及合資之其
他綜合損益之份額（附註二三）
與可能重分類之項目相關之所得稅（附
註四及二五）

6,662,613
414,271 )

(

淨利歸屬於：
本公司業主
共同控制下前手權益
非控制權益

(

1,340,514 )
4,929,912
5,035,816

每股盈餘（附註二六）
基
本
稀
釋

(

2)
4
1
3

5)
18
18

(

343,528 )
36,301
421,231
9,337
362,138
99,903
585,382

(

1,675,210 )
6,765,896
6,716,710

(

(

1)
2
1
2

5)
22
22

(

1,491,185 )
83,260
2,596,031
19,065
487,940
1,071,634
2,766,745

8,550,158
442,260 )

(

(

(

6,024
(

1,720,621 )
6,393,301
6,532,818

(

2)
3
1
2
4

2)
8
8

848,484 )
173,690
1,013,359
28,064
722,352
545,609
1,634,590

(

3,326,094 )
13,679,607
13,606,304

(

(

1)
1
1
1
2

4)
15
15

9,974,551

36

$ 13,118,774

43

$ 19,318,800

24

$ 32,208,282

35

$

4,850,617
88,118
4,938,735

18
18

$

6,397,381
4,683
6,402,064

21
21

$ 12,711,890
74,092
$ 12,785,982

16
16

$ 18,566,994
1,245
33,739
$ 18,601,978

20
20

$

9,876,874
97,677
9,974,551

36
36

$ 13,111,270
7,504
$ 13,118,774

43
43

$ 19,229,162
89,638
$ 19,318,800

24
24

$ 32,164,279
1,245
42,758
$ 32,208,282

35
35

$
$

11.60
11.32

$

$

$
$

12.10
11.97

$
$

30.43
29.49

後附之附註係本合併財務報告之一部分。
（ 請 參 閱 勤 業 眾 信 聯 合 會 計 師 事 務 所 民 國 1 1 2 年 1 0 月 26 日 核 閱 報 告 ）

董事長：陳泰銘

(

$

$
綜合損益總額歸屬於：
本公司業主
共同控制下前手權益
非控制權益

(

22,084

本期其他綜合損益（稅後淨額）
本期綜合損益總額

(

(

經理人：王淡如

會計主管：楊文翔

- 6 -

$
$

34.74
34.05

