聯發科技股份有限公司及子公司
合併權益變動表
民國一一一年一月一日至九月三十日
及民國一一○年一月一日至九月三十日
(僅經核閱，未依一般公認審計準則查核)
(金額均以新台幣仟元為單位)
歸屬於母公司業主之權益
股

項
民國一一○年一月一日餘額
盈餘指撥及分配：
提列法定盈餘公積
普通股現金股利
盈餘指撥及分配合計

目

本

保 留 盈 餘

其他權益
透過其他綜合損益
按公允價值衡量之
國外營運機構
金融資產未實現
財務報表換算
評價(損)益
之兌換差額
$
(8,710,844)
$
70,646,473

其他
(329,573)

庫藏股票
$
(55,970)

歸屬於母公司
業主權益總計
$ 371,833,821

-

-

-

(33,398,284)
(33,398,284)

-

(33,398,284)
(33,398,284)

-

-

-

-

(25,446,312)

-

(25,446,312)

81,370,160
81,370,160

(4,225,395)
(4,225,395)

4,711,490
4,711,490

-

-

81,370,160
486,095
81,856,255

354,873
(10,069)
344,804

81,725,033
476,026
82,201,059

$

(17,252)
316,497
215,689,131

$

(12,936,239)

$

(316,497)
75,041,466

$

(5,808,782)
(6,138,355)

$

(55,970)

$

140,423
288,382
1,205,601
(162,502)
693,638
647,023
(38,742)
397,619,303

$

7,171
(14,310)
(526,611)
(1,617,596)
1,444,088

$

147,594
288,382
1,205,601
(176,812)
167,027
647,023
(38,742)
(1,617,596)
399,063,391

$

252,432,501

$

(13,474,837)

$

72,222,376

$

(5,090,942)

$

(55,970)

$

432,015,296

$

1,632,598

$

433,647,894

普通股股本
$
15,900,622

預收股本
$
2,133

資本公積
$
76,745,750

法定盈餘公積
$
44,583,025

未分配盈餘
$ 173,052,205

-

-

-

5,634,195
5,634,195

(5,634,195)
(33,398,284)
(39,032,479)

-

資本公積配發現金股利

-

-

(25,446,312)

-

-

民國一一○年前三季淨利
民國一一○年前三季其他綜合損益
本期綜合損益總額

-

-

-

-

$

4,332
82,649
15,987,603

$

(1,221)
912

$

137,312
288,382
1,205,601
(162,502)
693,638
6,390,408
(38,742)
59,813,535

$

50,217,220

$

15,988,420

$

483

$

59,776,045

$

50,217,220

股份基礎給付交易
發放予子公司股利調整資本公積
採用權益法認列之關聯企業及合資之變動數
實際取得或處分子公司股權價格與帳面價值差額
對子公司所有權權益變動
限制員工權利新股
其他資本公積變動
處分透過其他綜合損益按公允價值衡量之權益工具
非控制權益
民國一一○年九月三十日餘額
民國一一一年一月一日餘額
盈餘指撥及分配：
提列法定盈餘公積
普通股現金股利
盈餘指撥及分配合計

$

$

非控制權益
3,250,630

$

權益總額
375,084,451

-

-

-

11,841,278
11,841,278

(11,841,278)
(91,147,046)
(102,988,324)

-

-

-

-

(91,147,046)
(91,147,046)

-

(91,147,046)
(91,147,046)

資本公積配發現金股利

-

-

(25,585,136)

-

-

-

-

-

-

(25,585,136)

-

(25,585,136)

民國一一一年前三季淨利
民國一一一年前三季其他綜合損益
本期綜合損益總額

-

-

-

-

99,653,029
99,653,029

30,107,915
30,107,915

(35,115,014)
(35,115,014)

-

-

99,653,029
(5,007,099)
94,645,930

457,590
37,152
494,742

100,110,619
(4,969,947)
95,140,672

1,067
3,609
15,993,096

1,046
1,529

32,051
568,977
2,932,108
8,637,434
(33,747)
950,645
29,615
47,307,992

62,058,498

16,347
1,541,741
250,655,294

16,633,078

(1,541,741)
35,565,621

2,359,873
(2,731,069)

(55,970)

34,164
568,977
2,932,108
8,637,434
(33,747)
3,330,474
29,615
425,428,069

300,357
781,621
534,551
(848,790)
2,895,079

334,521
568,977
2,932,108
9,419,055
500,804
3,330,474
29,615
(848,790)
428,323,148

股份基礎給付交易
發放予子公司股利調整資本公積
採用權益法認列之關聯企業及合資之變動數
實際取得或處分子公司股權價格與帳面價值差額
對子公司所有權權益變動
限制員工權利新股
其他資本公積變動
處分透過其他綜合損益按公允價值衡量之權益工具
非控制權益
民國一一一年九月三十日餘額

$

$

$

$

$

$

$

$

$

$

$

(請參閱合併財務報表附註)
董事長：蔡明介

經理人：蔡力行

-7-

會計主管：顧大為

$

