聯發科技股份有限公司及子公司
合併現金流量表
民國一一一年一月一日至九月三十日
及民國一一○年一月一日至九月三十日
(僅經核閱，未依一般公認審計準則查核)
(金額均以新台幣仟元為單位)
項
目
營業活動之現金流量：
繼續營業單位稅前淨利
調整項目：
不影響現金流量之收益費損項目：
折舊費用
攤銷費用
預期信用減損損失(利益)數
透過損益按公允價值衡量金融資產及負債之淨(利益)損失
利息費用
除列按攤銷後成本衡量金融資產淨利益
利息收入
股利收入
股份基礎給付酬勞成本
採用權益法認列之關聯企業及合資損益之份額
處分及報廢不動產、廠房及設備損失
不動產、廠房及設備轉列費用數
處分無形資產損失
處分投資損失(利益)
處分採用權益法之投資利益
其他
與營業活動相關之資產/負債變動數：
強制透過損益按公允價值衡量之金融資產
合約資產
應收票據
應收帳款
應收帳款－關係人
其他應收款
存貨
預付款項
其他流動資產
其他非流動資產－其他
合約負債
應付帳款
應付帳款－關係人
其他應付款
其他應付款－關係人
其他流動負債
淨確定福利負債
其他非流動負債－其他
營運產生之現金流入
收取之利息
收取之股利
支付之利息
支付之所得稅
營業活動之淨現金流入
投資活動之現金流量：
取得透過其他綜合損益按公允價值衡量之金融資產
處分透過其他綜合損益按公允價值衡量之金融資產
透過其他綜合損益按公允價值衡量之金融資產減資退回股款
取得按攤銷後成本衡量之金融資產
按攤銷後成本衡量之金融資產到期還本
取得採用權益法之投資
處分採用權益法之投資
對子公司之收購(扣除所取得之現金)
採用權益法之投資減資退回股款
處分子公司
取得不動產、廠房及設備
處分不動產、廠房及設備
存出保證金增加
取得無形資產
處分無形資產
取得投資性不動產
投資活動之淨現金流出
籌資活動之現金流量：
短期借款(減少)增加
舉借長期借款
存入保證金減少
租賃負債本金償還
員工執行認股權
發放現金股利
取得子公司股權
處分子公司股權(未喪失控制力)
非控制權益變動
籌資活動之淨現金流出
匯率變動對現金及約當現金之影響
本期現金及約當現金減少數
期初現金及約當現金餘額
期末現金及約當現金餘額

一一一年前三季
$

$

114,503,907

一一○年前三季
$

6,573,152
4,158,597
2,623
(558,166)
263,288
(18,556)
(1,882,409)
(1,672,319)
3,606,723
(1,039,588)
15,599
50
529
4,051
(7,903)
425

3,831,718
3,837,743
(20,582)
469,382
155,207
(1,258,538)
(2,623,662)
691,410
(584,949)
3,386
1,065
9
(8,429,982)
(938,749)
(1,408)

(739,522)
(6,000)
(31,805)
(4,401,598)
37,119
205,590
(10,642,488)
(2,497,947)
(905,382)
12,759,539
(3,120,307)
(12,921,282)
(141,561)
(4,381,806)
887
2,450,501
(12,648)
34,810
99,636,103
1,559,747
2,373,559
(234,062)
(17,786,211)
85,549,136

(643,540)
(36,265)
(23,185,933)
(134,779)
(1,246,015)
(32,733,163)
(448,637)
(5,362)
(23,762,723)
(6,420,433)
10,684,628
1,031,123
6,169,512
(25,775)
7,524,055
(8,227)
(377,562)
24,365,686
959,187
4,241,482
(154,899)
(7,053,472)
22,357,984

(6,328,454)
2,115,690
47,186
(16,061,105)
3,197,105
(70,464)
89,260
(976,731)
28,589
(11,020,303)
5,930
(731,274)
(4,909,131)
(3,162)
(34,616,864)

(5,105,764)
5,185,675
624,047
(3,079,728)
708,064
(870,942)
1,132,086
72,528
3,716,574
(10,867,450)
8,662
(6,248,101)
(5,100,123)
12
(19,824,460)

(3,173,076)
(18,366)
(420,544)
63,779
(116,142,269)
(48,413)
9,467,468
(347,986)
(110,619,407)
17,551,137
(42,135,998)
183,704,594
141,568,596

29,095,634
827,660
(28,061)
(488,476)
92,790
(58,584,650)
(175,288)
1,801
163,702
(29,094,888)
(1,780,508)
(28,341,872)
196,579,745
168,237,873

$

(請參閱合併財務報表附註)
董事長：蔡明介

經理人：蔡力行
-8-

92,852,732

會計主管：顧大為

