聯發科技股份有限公司及子公司
合併資產負債表
民國一一二年九月三十日、一一一年十二月三十一日及一一一年九月三十日
(金額均以新台幣仟元為單位)

代碼

資

產

1100
1110
1120
1136
1141
1150
1170
1180
1197
1200
1220
130x
1410
1470
11xx

流動資產
現金及約當現金
透過損益按公允價值衡量之金融資產－流動
透過其他綜合損益按公允價值衡量之金融資產－流動
按攤銷後成本衡量之金融資產－流動
合約資產－流動
應收票據淨額
應收帳款淨額
應收帳款－關係人淨額
應收融資租賃款淨額
其他應收款
本期所得稅資產
存貨淨額
預付款項
其他流動資產
流動資產合計

1510
1517
1535
1550
1600
1755
1760
1780
1840
1920
194D
1975
1995
15xx

非流動資產
透過損益按公允價值衡量之金融資產－非流動
透過其他綜合損益按公允價值衡量之金融資產－非流動
按攤銷後成本衡量之金融資產－非流動
採用權益法之投資
不動產、廠房及設備
使用權資產
投資性不動產淨額
無形資產
遞延所得稅資產
存出保證金
長期應收融資租賃款淨額
淨確定福利資產－非流動
其他非流動資產－其他
非流動資產合計

1xxx

資產總計

附 註
六.1
六.2
六.3
六.4
六.22、六.23及七
六.23
六.5及六.23
六.5、六.23及七
六.23及六.24
六.6及七
四及六.31
六.7
六.8及九

金
$

六.2
六.3
六.4及八
六.9
六.10
六.24
六.11
六.12及六.13
四及六.31
九
六.23及六.24
九

$

一一二年九月三十日
額
％

一一一年十二月三十一日
金
額
％

103,955,009
6,600,444
5,395,507
3,373,144
34,522
61,105,927
13,879
545,919
27,265,752
119,272
53,390,869
4,372,508
1,007,242
267,179,994

17
1
1
10
4
9
1
43

5,540,851
76,823,502
55,015,680
17,545,070
52,003,646
8,740,284
2,281,675
83,227,990
13,609,180
7,261,264
909,865
14,481
28,188,081
351,161,569

1
12
9
3
9
1
14
2
1
5
57

618,341,563

100

$

$

金

147,502,155
8,541,857
3,169,019
5,596,485
2,811
40,804,936
34,593
15,823,997
133,072
70,703,336
4,138,284
1,203,062
297,653,607

24
1
1
7
3
12
1
49

6,624,993
73,801,249
25,264,394
17,798,462
53,861,629
8,927,750
2,086,194
73,454,530
11,511,991
7,316,702
1,455,784
15,852
28,626,337
310,745,867

1
12
4
3
9
2
12
2
1
5
51

608,399,474

100

$

$

(請參閱合併財務報表附註)
董事長：蔡明介

經理人：蔡力行
-4-

會計主管：顧大為

一一一年九月三十日
額
％
141,568,596
9,052,115
3,098,008
5,473,880
6,000
34,616
65,836,130
42,117
7,011,218
175,227
83,438,447
4,881,197
2,194,392
322,811,943

22
2
1
10
1
13
1
50

7,993,408
54,953,853
23,118,568
40,855,335
53,998,417
9,095,925
2,120,537
73,833,738
11,142,395
10,066,766
1,455,784
28,447,306
317,082,032

1
9
4
6
8
2
12
2
2
4
50

639,893,975

100

