中華電信股份有限公司及其子公司
合併資產負債表
民 國 111 年 3 月 31 日 暨 民 國 110 年 12 月 31 日 及 3 月 31 日
單位：新台幣仟元

代
1100
1110
1139
1140
1170
1180
130X
1410
1476
1479
11XX

資
流動資產
現金及約當現金（附註六）
透過損益按公允價值衡量之金融資產（附註七）
避險之金融資產（附註二十）
合約資產（附註三十）
應收票據及帳款淨額（附註九及三十）
應收關係人款項（附註三八）
存貨（附註十及三九）
預付款項（附註十一）
其他金融資產（附註十二及三五）
其他流動資產（附註十九及三九）
流動資產總計

1510
1517
1550
1560
1600
1755
1760
1780
1840
1955
1975
1985
1990
15XX

非流動資產
透過損益按公允價值衡量之金融資產（附註七）
透過其他綜合損益按公允價值衡量之金融資產（附註八及三五）
採用權益法之投資（附註十四）
合約資產（附註三十）
不動產、廠房及設備（附註十五、三五、三八及三九）
使用權資產（附註十六及三八）
投資性不動產（附註十七）
無形資產（附註十八及三八）
遞延所得稅資產（附註三）
取得合約之增額成本（附註三十）
淨確定福利資產（附註三）
預付款項（附註十一）
其他非流動資產（附註十九、三九及四十）
非流動資產總計

1XXX

資

代

碼

碼

產

總

產

計

2100
2110
2120
2126
2130
2170
2180
2230
2280
2200
2250
2322
2399
21XX
2540
2530
2527
2570
2550
2580
2645
2640
2670
25XX

非流動負債
長期借款（附註二三及三九）
應付公司債（附註二四）
合約負債（附註三十）
遞延所得稅負債（附註三）
負債準備（附註二七）
租賃負債（附註十六、三五及三八）
存入保證金（附註三八）
淨確定福利負債（附註三）
其他非流動負債
非流動負債總計

2XXX

3310
3320
3350
3300
3400
31XX
36XX

非控制權益（附註十三及二九）

3XXX

債

與

權

益

總

％

金

39,778,624
2,566
5,554,070
23,947,107
41,528
11,327,409
2,330,097
5,060,878
2,978,780
91,021,059

8
1
5
2
1
1
18

$

908,775
3,615,888
7,332,774
2,607,744
289,100,461
11,050,936
9,662,638
83,945,083
2,785,006
987,656
3,391,077
1,798,463
4,862,800
422,049,301

1
2
56
2
2
16
1
1
1
82

％

30,043,910
8,061
5,246,566
21,391,359
34,203
12,348,605
5,486,706
11,620,376
2,233,007
88,412,793

6
1
4
3
1
2
17

816,602
3,650,340
7,195,375
2,486,990
280,150,750
10,765,100
9,610,754
88,664,522
3,073,603
961,667
3,577,381
2,144,737
4,990,582
418,088,403

1
2
55
2
2
18
1
1
1
83

46,500,497
3,190
8,055
5,539,500
21,069,723
39,645
12,512,537
5,281,217
6,758,881
3,352,163
101,065,408

9
1
4
2
1
1
1
19

$

805,944
3,574,284
7,463,988
2,756,204
285,930,724
10,744,006
9,652,091
82,328,310
2,760,894
967,462
3,581,626
1,820,461
4,923,591
417,309,585

1
2
1
54
2
2
16
1
1
1
81

$

518,374,993

100

$

513,070,360

100

$

506,501,196

100

$

65,000
12,701,430
11,823,029
214,092
6,830,152
2,994,856
21,665,000
251,488
1,026,505
57,571,552

3
2
1
1
4
11

$

65,000
6,180
8,286
12,234,276
18,063,288
391,358
4,593,458
3,210,564
24,436,708
284,813
998,367
64,292,298

2
4
1
1
5
13

$

60,000
4,999,489
3,867
1,864
13,264,677
9,689,794
324,619
6,449,723
3,296,580
22,596,518
325,747
1,600,000
957,627
63,570,505

1
3
2
1
1
5
13

1,600,000
30,473,352
6,900,647
2,197,088
141,275
6,909,109
4,916,202
2,290,631
4,992,300
60,420,604

6
2
2
1
1
12

1,600,000
26,976,675
6,840,056
2,189,411
141,865
7,061,689
5,336,343
2,287,663
5,081,910
57,515,612

6
1
2
1
1
11

19,981,108
7,216,060
2,017,828
104,417
6,022,381
4,731,909
3,420,564
1,985,684
45,479,951

4
2
1
1
1
9

117,992,156

23

121,807,910

24

109,050,456

22

77,574,465
171,291,613

15
33

77,574,465
171,279,625

15
33

77,574,465
171,276,947

15
34

77,574,465
2,675,419
59,700,126
139,950,010
362,831 )
388,453,257

15
1
11
27
75

77,574,465
2,675,419
50,639,022
130,888,906
408,150 )
379,334,846

15
1
10
26
74

77,574,465
2,675,419
56,818,260
137,068,144
152,567 )
385,766,989

15
1
11
27
76

11,929,580

2

11,927,604

2

11,683,751

2

400,382,837

77

391,262,450

76

397,450,740

78

518,374,993

100

513,070,360

100

506,501,196

100

益

(

$

計

(

$

後附之附註係本合併財務報告之一部分。
董事長：謝繼茂

110年3月31日
（經核閱）
額

金

權益總計
負

110年12月31日
（經查核）
額

％

負債總計
歸屬於母公司業主之權益（附註十三及二九）
股本－普通股
資本公積
保留盈餘
法定盈餘公積
特別盈餘公積
未分配盈餘
保留盈餘總計
其他權益
母公司業主之權益總計

3110
3200

金
$

負
債
及
權
流動負債
短期借款（附註二一）
應付短期票券（附註二二）
透過損益按公允價值衡量之金融負債（附註七）
避險之金融負債（附註二十）
合約負債（附註三十及三八）
應付票據及帳款（附註二五）
應付關係人款項（附註三八）
本期所得稅負債（附註三）
租賃負債（附註十六、三五及三八）
其他應付款（附註二六及三五）
負債準備（附註二七）
一年內到期之長期借款（附註二三及三九）
其他流動負債
流動負債總計

111年3月31日
（經核閱）
額

經理人：郭水義

會計主管：陳淑玲

-4-

(

$

