中華電信股份有限公司及其子公司
合併資產負債表
民 國 112 年 9 月 30 日 暨 民 國 111 年 12 月 31 日 及 9 月 30 日
單位：新台幣仟元

代
1100
1110
1139
1140
1170
1180
130X
1410
1476
1480
1479
11XX

資
流動資產
現金及約當現金（附註六）
透過損益按公允價值衡量之金融資產（附註七）
避險之金融資產（附註二十）
合約資產（附註二九）
應收票據及帳款淨額（附註九及二九）
應收關係人款項（附註三七）
存貨（附註十）
預付款項（附註十一）
其他金融資產（附註十二）
取得合約之增額成本（附註二九）
其他流動資產（附註十八、十九及三八）
流動資產總計

1510
1517
1550
1560
1600
1755
1760
1780
1840
1955
1975
1985
1990
15XX

非流動資產
透過損益按公允價值衡量之金融資產（附註七）
透過其他綜合損益按公允價值衡量之金融資產（附註八）
採用權益法之投資（附註十四）
合約資產（附註二九）
不動產、廠房及設備（附註十五、三四、三七及三八）
使用權資產（附註十六及三七）
投資性不動產（附註十七）
無形資產（附註十八及三七）
遞延所得稅資產（附註三）
取得合約之增額成本（附註二九）
淨確定福利資產（附註三）
預付款項（附註十一及三九）
其他非流動資產（附註十九、三八及三九）
非流動資產總計

1XXX

資

代

碼

碼

產

總

產

計

2100
2120
2126
2130
2170
2180
2230
2280
2200
2250
2322
2399
21XX

2540
2530
2527
2570
2550
2580
2645
2640
2670
25XX

非流動負債
長期借款（附註二二及三八）
應付公司債（附註二三）
合約負債（附註二九）
遞延所得稅負債（附註三）
負債準備（附註二六）
租賃負債（附註十六、三四及三七）
存入保證金（附註三七）
淨確定福利負債（附註三）
其他非流動負債
非流動負債總計

金

32,005,368
411
6,727,095
23,514,962
111,194
12,363,787
5,556,000
12,326,502
95,066
4,205,048
96,905,433

7
1
5
2
1
2
1
19

$

1,052,332
4,054,015
7,218,915
3,526,053
287,207,522
11,186,658
10,146,675
74,276,660
2,109,348
936,516
5,720,111
3,175,536
4,686,883
415,297,224

1
1
1
56
2
2
15
1
1
1
81

$

512,202,657

100

$

820,000
2,485
3,535
14,287,322
13,177,439
167,646
7,110,763
3,455,460
21,150,397
324,368
1,600,000
1,026,026
63,125,441

3
3
1
1
5
13

30,481,435
7,879,578
2,390,346
480,603
7,417,147
5,198,556
2,278,892
6,601,102
62,727,659

3310
3320
3350
3300
3400
31XX
36XX

非控制權益（附註十三及二八）

3XXX

權益總計
負

債

與

權

益 總

111年12月31日
額

111年9月30日
額

％

32,898,094
4,203
12,752
5,702,487
22,278,929
107,116
12,336,979
5,110,205
4,361,591
4,007,887
86,820,243

7
1
4
2
1
1
1
17

1,050,714
3,484,018
7,200,176
2,966,660
286,300,996
11,234,158
9,707,458
80,794,433
2,615,752
967,012
3,901,443
1,922,374
4,624,803
416,769,997

1
1
1
57
2
2
16
1
1
1
83

$

503,590,240

100

$

592,000
13,611,671
13,160,237
476,286
3,207,876
3,216,442
20,895,752
225,903
1,000,044
56,386,211

3
3
1
1
3
11

6
2
2
1
1
12

1,600,000
30,476,032
7,124,477
2,248,402
157,220
7,345,934
5,075,856
2,268,121
6,834,180
63,130,222

6
1
1
2
1
1
1
13

129,425,060

25

119,516,433

24

15
33

77,574,465
171,300,898

15
32

77,574,465
171,295,803

15
34

77,574,465
2,898,503
44,247,372
124,720,340
419,267
374,023,397

15
1
9
25
73

77,574,465
3,083,569
51,868,574
132,526,608
223,084 )
381,178,887

15
1
10
26
73

77,574,465
3,083,569
42,561,752
123,219,786
181,654 )
371,908,400

15
1
9
25
74

12,326,160

2

12,599,541

2

12,165,407

2

386,349,557

75

393,778,428

75

384,073,807

76

512,202,657

100

523,203,488

100

503,590,240

100

％

金

50,192,604
3,953
12,891
6,055,343
24,672,473
75,061
11,316,406
2,398,608
3,618,902
3,555,423
101,901,664

10
1
5
2
1
1
20

$

1,020,203
3,491,381
7,155,851
3,136,801
291,527,910
11,102,549
9,803,861
79,187,087
2,196,645
979,914
5,265,721
1,728,277
4,705,624
421,301,824

1
1
1
56
2
2
15
1
1
80

$

523,203,488

100

$

722,000
13,390,439
16,428,856
539,194
4,956,465
3,338,813
25,079,960
226,019
1,016,179
65,697,925

3
3
1
1
5
13

7
2
1
1
1
12

1,600,000
30,477,357
7,674,095
2,300,845
173,033
7,333,694
5,156,700
2,285,224
6,726,187
63,727,135

125,853,100

25

77,574,465
171,309,325

益

負債總計
歸屬於母公司業主之權益（附註十三及二八）
股本－普通股
資本公積
保留盈餘
法定盈餘公積
特別盈餘公積
未分配盈餘
保留盈餘總計
其他權益
母公司業主之權益總計

3110
3200

％

$

負
債
及
權
流動負債
短期借款（附註二一）
透過損益按公允價值衡量之金融負債（附註七）
避險之金融負債（附註二十）
合約負債（附註二九及三九）
應付票據及帳款（附註二四）
應付關係人款項（附註三七）
本期所得稅負債（附註三）
租賃負債（附註十六、三四及三七）
其他應付款（附註二五及三四）
負債準備（附註二六）
一年內到期之長期借款（附註二二及三八）
其他流動負債
流動負債總計

2XXX

112年9月30日
額

金

$

計

(

$

後附之附註係本合併財務報告之一部分。
董事長：郭水義

經理人：林昭陽

會計主管：陳淑玲

- 4 -

(

$

