智邦科技股份有限公司及子公司
合併資產負債表
民 國 112 年 9 月 30 日 暨 111 年 12 月 31 日 及 9 月 30 日
單位：新台幣仟元

代

碼

1100
1110
1120
1136
1170
1180
1200
1210
130X
1410
1470
11XX

1510
1517
1550
1600
1755
1805
1821
1840
1915
1920
1980
1990
15XX

資
產
流動資產
現金及約當現金（附註六及三二）
透過損益按公允價值衡量之金融資產－流動
（附註七及三二）
透過其他綜合損益按公允價值衡量之金融資產
－流動（附註八及三二）
按攤銷後成本衡量之金融資產－流動（附註九
及三二）
應收票據及帳款淨額（附註十及三二）
應收帳款－關係人淨額（附註三二及三三）
其他應收款（附註十及三二）
其他應收款－關係人（附註三二及三三）
存貨（附註十一）
預付款項（附註十八及三三）
其他流動資產－其他
流動資產總計
非流動資產
透過損益按公允價值衡量之金融資產－非流動
（附註七及三二）
透過其他綜合損益按公允價值衡量之金融資產
－非流動（附註八及三二）
採用權益法之投資（附註十三）
不動產、廠房及設備（附註十四及二五）
使用權資產（附註十五）
商譽（附註十六）
無形資產（附註十七）
遞延所得稅資產（附註四及二六）
預付設備款
存出保證金（附註三二）
其他金融資產－非流動（附註十八、三二及三
四）
其他非流動資產－其他（附註十八）
非流動資產總計

金

112 年 9 月 30 日
額
％

金

111 年 12 月 31 日
額
％

金

111 年 9 月 30 日
額
％

代

$ 11,315,466

22

$ 8,695,372

19

$ 13,577,711

32

1,294,243

3

218,035

-

264,157

1

258,388

-

183,224

-

174,562

1

4,835,168
12,365,748
37
622,386
1,387
14,177,806
290,326
29,561
45,190,516

10
24
1
28
1
89

5,918,726
13,138,205
1,143
581,505
9,223
12,788,108
341,067
8,153
41,882,761

13
29
1
28
1
91

123,400
11,389,922
206
554,140
9,100
12,426,630
205,802
5,485
38,731,115

27
1
29
1
92

160,862

-

108,999

-

162,592

1

111,831
9,907
2,742,762
1,536,262
1,930
150,161
248,519
416,666
124,534

6
3
1
1
-

22,472
10,387
1,804,418
1,641,644
1,930
165,985
151,492
77,114
80,835

4
4
1
-

10,632
1,408,729
1,545,239
1,930
100,214
102,483
39,559
82,332

3
4
-

79,623
65,428
5,648,485

11

79,419
33,353
4,178,048

9

79,419
3,533,129

8

碼

2365
21XX

負
債
及
權
益
流動負債
短期借款（附註十九及三二）
合約負債－流動（附註二四）
應付票據及帳款（附註三二）
應付員工及董事酬勞（附註二五）
應付工程及設備款（附註三二）
其他應付款（附註二十及三二）
本期所得稅負債（附註四及二六）
負債準備－流動（附註二一）
租賃負債－流動（附註十五）
遞延收入－流動（附註十九及二九）
一年內到期之長期借款（附註十九、二九及三
二）
退款負債－流動（附註二四）
流動負債總計

2540
2570
2580
2630
2640
2645
25XX

非流動負債
長期借款（附註十九、二九及三二）
遞延所得稅負債（附註四及二六）
租賃負債－非流動（附註十五）
遞延收入－非流動（附註十九及二九）
淨確定福利負債－非流動（附註四及二二）
存入保證金（附註三二）
非流動負債總計

2100
2130
2170
2206
2213
2219
2230
2250
2280
2313
2320

2XXX

3110
3200
3310
3320
3350
3300
3400
3500
3XXX

1XXX

資

產

總

$ 50,839,001

計

100

$ 46,060,809

100

$ 42,264,244

100

金
$

負債總計
權益（附註二三及二八）
股
本
普通股股本
資本公積
保留盈餘
法定盈餘公積
特別盈餘公積
未分配盈餘
保留盈餘總計
其他權益
庫藏股票
權益總計
負 債 及 權 益 總 計

(
(

112 年 9 月 30 日
額
％

金

180,469
1,648,010
15,154,529
2,048,804
125,563
2,996,103
2,170,748
279,957
195,661
8,485

3
30
4
6
4
1
-

300,558
152,152
25,261,039

2
27
3
7
5
1
-

1
49

925,558
145,940
21,567,677

611,679
673,072
1,141,329
7,793
5,708
816
2,440,397

1
2
2
5

27,701,436

1
2
27
4
6
4
1
-

2
47

300,558
121,665
19,397,875

1
46

2,605,332
268,380
1,167,014
15,703
7,726
816
4,064,971

6
1
2
9

3,300,985
268,380
1,092,078
19,502
28,150
816
4,709,911

8
1
2
11

54

25,632,648

56

24,107,786

57

5,601,589
874,201

11
2

5,601,399
857,568

12
2

5,600,584
857,315

13
2

3,636,972
462,016
12,859,519
16,958,507
245,733 )
50,999 )

7
1
25
33
-

2,818,364
494,541
11,169,304
14,482,209
462,016 )
50,999 )

6
1
24
31
1)
-

2,818,364
494,541
8,804,509
12,117,414
367,856 )
50,999 )

7
1
21
29
1)
-

23,137,565

46

20,428,161

44

18,156,458

43

$ 50,839,001

100

$ 46,060,809

100

$ 42,264,244

100

代表人： 林 明 蓉

經理人：石軍

- 5 -

會計主管：陳芳儀

(
(

(

$

111 年 9 月 30 日
額
％
350,000
858,120
11,514,738
1,626,301
70,299
2,482,086
1,658,911
185,703
220,323
9,171

後附之附註係本合併財務報告之一部分。

董事長：寬鑫投資股份有限公司

金

876,472
12,477,718
1,514,916
60,692
2,993,251
2,071,691
264,711
227,890
8,838

（ 請 參 閱 勤 業 眾 信 聯 合 會 計 師 事 務 所 民 國 112 年 11 月 9 日 核 閱 報 告 ）

$

111 年 12 月 31 日
額
％

(
(

(

