亞德客國際集團及其子公司
合併資產負債表
民 國 112 年 9 月 30 日 暨 民 國 111 年 12 月 31 日 及 9 月 30 日
單位：新台幣仟元

1100
1110
1136
1150
1170
1200
1220
130X
1470
11XX

112年9月30日
資
產 金
額
流動資產
現金及約當現金（附註六）
$ 8,171,066
透過損益按公允價值衡量之金融資產－流動（附註七）
28,251
按攤銷後成本衡量之金融資產－流動（附註八及三十）
28,586
應收票據（附註九）
4,780,360
應收帳款（附註九及二九）
7,353,747
其他應收款
28,511
本期所得稅資產（附註四）
12,162
存貨（附註十）
6,579,761
其他流動資產（附註十五）
289,468
流動資產總計
27,271,912

1600
1755
1760
1780
1840
1990
15XX

非流動資產
不動產、廠房及設備（附註十二及三十）
使用權資產（附註十三）
投資性不動產（附註十四）
其他無形資產
遞延所得稅資產（附註四及二三）
其他非流動資產（附註十五）
非流動資產總計

1XXX

資

代

碼

產

總

計

代

碼 負
債
及
權
流動負債
2100
短期借款（附註十六）
應付短期票券（附註十六）
2110
2130
合約負債－流動（附註二一）
應付票據（附註十七）
2150
應付帳款（附註十七）
2170
2280
租賃負債－流動（附註十三）
其他應付款（附註十八）
2200
2230
本期所得稅負債（附註四）
2320
一年內到期之長期借款（附註十六及三十）
其他流動負債（附註十八）
2399
21XX
流動負債總計

2540
2570
2580
2600
25XX

歸屬於本公司業主之權益（附註二十）
普 通 股
資本公積
保留盈餘
其他權益
本公司業主之權益總計

36XX

非控制權益

3XXX

與 權

益

總

計

$

6,345,451
2,163
260,263
2,937,652
6,112,157
20,495
13,414
7,250,257
312,263
23,254,115

12
1
5
11
13
1
43

$

4,258,508
828,233
2,564,502
5,971,669
21,745
11,698
6,942,271
295,053
20,893,679

8
2
5
11
13
1
40

53
2
2
57

28,408,708
1,016,799
44,580
439,649
1,590,291
31,500,027

54
2
1
3
60

$ 58,623,615

100

$ 54,599,547

100

$ 52,393,706

100

$ 10,097,071
100,000
60,451
164,849
974,184
62,347
4,155,200
375,762
1,907
326,079
16,317,850

17
2
7
1
1
28

$ 10,781,921
500,000
78,256
205,746
1,085,319
66,019
1,478,211
411,459
326,623
14,933,554

20
1
2
3
1
1
28

$

9,164,112
300,000
62,489
200,906
831,975
68,880
2,351,333
454,948
224,300
13,658,943

18
1
2
4
1
26

10,798
567,586
99,496
36,425
714,305

1
1

610,426
122,477
732,903

1
1

572,402
136,313
708,715

1
1

17,032,155

29

15,666,457

29

14,367,658

27

2,000,000
14,846,145
25,442,907
704,555 )
41,584,497

4
25
43
1)
71

2,000,000
14,846,145
22,867,172
787,488 )
38,925,829

4
27
42
2)
71

2,000,000
14,846,145
21,525,234
352,686 )
38,018,693

4
29
41
1)
73

益

(

(

(

(

(

(

6,963

-

7,261

-

7,355

-

41,591,460

71

38,933,090

71

38,026,048

73

$ 58,623,615

100

$ 54,599,547

100

$ 52,393,706

100

後附之附註係本合併財務報告之一部分。

董事長：王世忠

％

28,829,175
982,607
24,692
40,793
392,392
1,075,773
31,345,432

權益總計
負 債

14
8
13
11
1
47

111年9月30日
額

金

49
2
2
53

負債總計

3110
3200
3300
3400
31XX

111年12月31日
額
％

金

28,942,763
995,195
61,486
32,280
326,309
993,670
31,351,703

非流動負債
長期借款（附註十六及三十）
遞延所得稅負債（附註四及二三）
租賃負債－非流動（附註十三）
其他非流動負債
非流動負債總計

2XXX

％

經理人：王世忠

會計主管：曹永祥

- 4 -

