營業活動之現金
稅前淨利
調整項目:

 

( 僅經核關,未依一般公認審計準則查核)

+7 豆- 。
流量:

收益費損項目
折舊費用
攤負費用
預期信用減損損失 (迴轉利益)一債

務工具投資

財務成本

採用權益法認列之關聯企業損益份額
利息收入

股份基礎給付酬勞成本

處分及報廢不動產、廠房
(益)

設備淨損

不動產、廠房及設備減損損失
處分透過其他綜合損益按公允價值衡

量之債務工具投資淨損失 (利益)

外幣兌換淨損(益)
股利收入
其他項目
與營業活動相關之資產/負債淨變動數
透過損益按公允價值衡量之金融工具
Fee ZAR RIGA
應收關係人款項
其他應收關係人款項

存

貨

其他金融資產
其他流動資產
應付帳款

應付關係人款項

NE At HH BRS

應付員工酬勞及董事酬勞
應付費用及其他流動負債

(HRA )

111414148
至3月31日

單位:新台幣仟元

110年1月1日
至3月31日

 

$ 226,831,696

108,934,265
2,167,798

11,768
2,140,766
1,725,490)
1,673,879)
27,453

48,257
790,740

140,778
2,074,789

75)

258,328)

918,808
15,260,809)
134,314
3,366
7,016,361)
1,229,128
1,132,181)
1,367,580
13,710
2,724,989)
12,241,793
5,607,202

~~~

$ 155,064,389

98,972,867
1,927,451

497)
772,095
1,267,112)
1,460,904)

1,704

9,960)
274,388

2,986)
4,773,733)
169,167)
192,049)

3,929,781
21,663,073)
222,559
1,946)
17,214,161)
2,917,033)
771,765
2,334,169)
162,728)
4,375,063)
8,468,539
14,976,395
