(111)

(
30

111
1

1

9

22002111

)
110

30

7

1

9
111

111

110

30

9

111

110

1

110

1

9

30

(
)

(
)

(

)
111

110

9

30

119,869,816
79,483,858
3,354,903
4,099,716
)
23.98% 17.33%
35,069,643
28,095,167
13.03% 12.27%
111
110 7
1
9
30
110 1 1
9 30
( )
(2,403,627)
(1,843,462)
1,958,554
( )
(4.87%) (12.76%) 5.54%
~4~

(

111
(672,474)
(44.97%)



(

)

111
111

110

7

1

30

9

111

30
110

0.91%
9

30
117,653

111

110

110

1

110

9

9

30
1

1

1

9

30
0.87%

30

)

111

164,144
(

~5~

)

9

30

4,186,519
7

(

9

111
1

111
4,366,447

110

3.07%

110

1

1

45,178

343,630

0.33% 2.38%

0.33%

(88)

(

)

95577

(85)

(

)

68702

1 1 1

1 1

1 0

