中國鋼鐵股份有限公司及子公司
合併資產負債表
民 國 112 年 9 月 30 日 暨 民 國 111 年 12 月 31 日 及 9 月 30 日
單位：新台幣千元
代 碼
1100
1110
1120
1139
1140
1150
1160
1170
1180
1200
1220
130X
1460
1476
1479
11XX

資
產
流動資產
現金及約當現金（附註六）
透過損益按公允價值衡量之金融資產－流動（附註七）
透過其他綜合損益按公允價值衡量之金融資產－流動（附註八）
避險之金融資產－流動（附註九）
合約資產－流動（附註二十四）
應收票據（附註十）
應收票據－關係人（附註十及三十）
應收帳款淨額（附註十）
應收帳款－關係人（附註十及三十）
其他應收款（附註三十）
本期所得稅資產
存貨（附註十一）
待出售非流動資產
其他金融資產－流動（附註十三及三十一）
其他流動資產
流動資產合計

1510
1517
1535
1538
1550
1600
1755
1760
1780
1840
1920
1980
1995
15XX

非流動資產
透過損益按公允價值衡量之金融資產－非流動（附註七）
透過其他綜合損益按公允價值衡量之金融資產－非流動（附註八）
按攤銷後成本衡量之金融資產－非流動
避險之金融資產－非流動（附註九）
採用權益法之投資（附註十二）
不動產、廠房及設備（附註十四及三十一）
使用權資產（附註十五及三十一）
投資性不動產（附註十六及三十一）
無形資產
遞延所得稅資產
存出保證金
其他金融資產－非流動（附註十三及三十一）
其他非流動資產
非流動資產合計

1XXX

資產總計

代 碼
2100
2110
2120
2126
2130
2150
2170
2180
2200
2230
2250
2280
2321
2322
2365
2399
21XX

負
債
及
權
流動負債
短期借款及銀行透支（附註十七及三十一）
應付短期票券（附註十七）
透過損益按公允價值衡量之金融負債－流動（附註七）
避險之金融負債－流動（附註九）
合約負債－流動（附註二十四）
應付票據
應付帳款（附註十九）
應付帳款－關係人（附註十九及三十）
其他應付款（附註二十及三十）
本期所得稅負債
負債準備－流動（附註二十一）
租賃負債－流動（附註十五）
一年內到期應付公司債（附註十八）
一年內到期銀行長期借款（附註十七及三十一）
退款負債－流動
其他流動負債
流動負債合計

2511
2527
2530
2541
2542
2550
2570
2580
2640
2670
25XX

非流動負債
避險之金融負債－非流動（附註九）
合約負債－非流動（附註二十四）
應付公司債（附註十八）
銀行長期借款（附註十七及三十一）
長期應付票券（附註十七）
負債準備－非流動（附註二十一）
遞延所得稅負債
租賃負債－非流動（附註十五）
淨確定福利負債
其他非流動負債
非流動負債合計

2XXX

$

3310
3320
3350
3300
3400
3500
31XX
36XX

非控制權益

3XXX

權益合計

3X2X

負債及權益總計

112 年 9 月 30 日
額
%

金

18,936,665
3,603,392
6,455,923
5,154,316
7,773,132
1,713,635
11,390,809
79,427
2,069,828
69,126
120,520,045
16,209,297
5,516,124
199,491,719

3
1
1
1
2
18
2
1
29

811,676
49,324,354
20,000
1,907,538
14,588,744
372,701,972
13,007,954
9,686,428
1,251,607
8,702,346
573,385
3,479,715
2,869,432
478,925,151

7
2
55
2
2
1
1
1
71

$

678,416,870

100

$

31,425,790
80,532,715
774
85,008
4,305,896
1,064,063
16,004,444
91,306
19,666,509
1,070,481
6,147,317
1,090,485
11,749,475
6,185,133
2,007,964
1,336,090
182,763,450

5
12
1
2
3
1
2
1
27

973,895
37,575
56,176,937
44,917,617
18,259,815
907,826
14,089,121
10,663,847
5,359,953
1,211,644
152,598,230

$

111 年 12 月 31 日
額
%

金

29,197,614
2,629,089
5,428,806
3,125,323
7,172,302
1,906,064
272
11,315,075
114,832
2,075,383
79,688
131,515,763
9,130,272
6,674,611
210,365,094

5
1
1
2
20
1
1
31

869,532
48,614,893
814,630
14,565,313
370,248,034
12,323,990
9,759,107
1,343,993
8,262,336
1,070,477
3,185,310
2,346,688
473,404,303

7
2
56
2
1
1
69

$

683,769,397

100

$

49,668,589
37,980,878
243,447
4,297,357
1,545,218
14,588,899
23,600
26,024,196
3,772,877
5,737,290
1,255,361
12,224,635
5,220,738
2,466,410
1,396,851
166,446,346

7
6
1
2
4
1
1
2
1
25

8
7
3
2
1
1
22

1,046,631
37,575
50,122,943
51,571,254
26,557,580
821,937
13,757,387
9,727,326
5,605,470
1,229,504
160,477,607

335,361,680

49

157,348,610
382,680
157,731,290
40,642,584

$

33,792,732
2,476,070
5,149,686
2,883,238
7,717,236
2,013,721
627
13,583,239
74,470
3,506,014
668,470
146,577,769
81,226
9,968,654
7,270,222
235,763,374

6
1
1
2
21
1
1
33

823,963
52,288,444
689,768
15,336,216
371,664,231
12,554,609
9,387,389
1,370,657
8,835,820
1,049,737
3,221,704
3,223,283
480,445,821

7
2
54
2
1
1
67

$

716,209,195

100

$

63,963,898
42,356,547
3,784
394,834
4,699,464
1,747,489
18,494,398
108,841
24,495,838
5,533,796
4,946,809
1,306,363
12,224,325
11,389,287
3,575,326
1,476,529
196,717,528

9
6
1
3
3
1
1
2
2
28

7
8
4
2
1
1
23

722,719
72,086
51,745,359
44,599,384
23,254,355
816,408
15,287,917
9,841,828
7,734,718
1,212,533
155,287,307

8
6
3
2
1
1
21

326,923,953

48

352,004,835

49

23
23
6

157,348,610
382,680
157,731,290
40,275,115

23
23
6

157,348,610
382,680
157,731,290
40,282,224

22
22
6

74,683,304
26,913,656
17,753,395
119,350,355
(2,467,786)
(8,771,552)
306,484,891

11
4
3
18
(1)
46

72,765,975
26,914,657
35,708,731
135,389,363
(4,844,120)
(8,649,421)
319,902,227

11
4
5
20
(1)
(1)
47

72,765,975
26,915,002
39,481,764
139,162,741
(2,372,941)
(8,649,421)
326,153,893

10
4
6
20
(1)
(1)
46

36,570,299

5

36,943,217

5

38,050,467

5

343,055,190

51

356,845,444

52

364,204,360

51

$

678,416,870

100

683,769,397

100

716,209,195

100

$

$

後附之附註係本合併財務報告之一部分。
董事長：

111 年 9 月 30 日
額
%

益

負債合計
歸屬於本公司業主之權益（附註二十三）
股
本
普 通 股
特 別 股
股本合計
資本公積
保留盈餘
法定盈餘公積
特別盈餘公積
未分配盈餘
保留盈餘合計
其他權益
庫藏股票
本公司業主之權益合計

3110
3120
3100
3200

金

經理人：總經理：

財務副總經理：

-4-

會計主管：

