聯華電⼦股份有限公司及⼦公司
合 併 現 ⾦ 流 量 表
民國⼀⼀⼀年及⼀⼀○年⼀⽉⼀⽇⾄三⽉三⼗⼀⽇
(僅經核閱，未依⼀般公認審計準則查核)
(⾦額均以新臺幣千元為單位)
項

⼀⼀⼀年⼀⽉⼀⽇
⾄三⽉三⼗⼀⽇

⽬

⼀⼀○年⼀⽉⼀⽇
⾄三⽉三⼗⼀⽇

營業活動之現⾦流量：
本期稅前淨利

$

23,647,874

$

10,983,069

調整項⽬：
折舊費⽤

10,656,479

11,135,846

攤銷費⽤

733,034

697,629

預期信⽤減損利益數
透過損益按公允價值衡量之⾦融資產及負債淨利益

(945)

(12,452)

(2,417,830)

(1,759,147)

利息費⽤

491,766

388,567

利息收⼊

(168,970)

(116,443)

股利收⼊

(16,630)

(14,106)

股份基礎給付酬勞成本

377,259

444,809

1,858,432

(1,766,569)

(61,418)

(19,196)

-

10,188

採⽤權益法認列之關聯企業及合資損失(利益)之份額
處分不動產、廠房及設備利益
處分投資損失
買回應付公司債損失
⾦融資產及負債兌換損失
遞延政府補助攤銷

31,852

-

226,914
(1,053,908)

79,297

10,656,035

(987,088)
8,081,335

透過損益按公允價值衡量之⾦融資產及負債

(234,821)

328,911

合約資產

(18,952)

(672)

(2,579,924)

(2,209,866)

64,652

108,868

(2,133,994)

167,008

(434,127)

223,291

-

(126)

履⾏合約成本

(56,949)

(177,691)

合約負債

790,809

801,198

應付票據及帳款

638,634

483,491

其他應付款

809,329

(400,030)

收益費損項⽬合計
與營業相關之資產/負債變動數：

應收票據及應收帳款
其他應收款
存貨
預付款項
其他流動資產

其他流動負債

(166,346)

14,024

淨確定福利負債

(662,537)

(426,790)

其他⾮流動負債-其他
營運產⽣之現⾦流⼊
收取之利息

20,880

41,198

30,340,563

18,017,218

170,552

124,587

收取之股利

506,591

392,645

⽀付之利息

(131,334)

(202,904)

⽀付之所得稅
營業活動之淨現⾦流⼊
接 下 ⾴

9

(768,576)

(50,876)

30,117,796

18,280,670

