光寶科技股份有限公司及子公司
合併資產負債表
民 國 112 年 9 月 30 日 暨 民 國 111 年 12 月 31 日 及 9 月 30 日
單位：新台幣仟元

代 碼
1100
1110
1136
1140
1150
1170
1180
1200
1210
130X
1460
1470
11XX

資
流動資產
現金及約當現金（附註六）
透過損益按公允價值衡量之金融資產（附註七）
按攤銷後成本衡量之金融資產（附註九及三三）
合約資產（附註二五）
應收票據－淨額（附註十一）
應收帳款－淨額（附註十一）
應收帳款－關係人（附註三二）
其他應收款（附註十一）
其他應收款－關係人（附註三二）
存貨－淨額（附註十二）
待出售處分群組（附註十三）
其他流動資產（附註二十）
流動資產總計

1510
1517
1535
1550
1600
1755
1760
1780
1840
1920
1975
1995
15XX

非流動資產
透過損益按公允價值衡量之金融資產（附註七）
透過其他綜合損益按公允價值衡量之金融資產（附註八）
按攤銷後成本衡量之金融資產（附註九及三三）
採用權益法之投資（附註十五）
不動產、廠房及設備－淨額（附註十六及三二）
使用權資產－淨額（附註十七）
投資性不動產－淨額（附註十八）
無形資產－淨額（附註十九）
遞延所得稅資產
存出保證金
淨確定福利資產（附註二三）
其他非流動資產（附註二十）
非流動資產總計

1XXX

資

代 碼
2100
2120
2130
2150
2170
2180
2219
2220
2230
2250
2260
2280
2310
21XX

負
債
及
權
流動負債
短期借款（附註二一）
透過損益按公允價值衡量之金融負債（附註七）
合約負債（附註二五）
應付票據
應付帳款
應付帳款－關係人（附註三二）
其他應付款
其他應付款－關係人（附註三二）
本期所得稅負債
負債準備（附註二二）
與待出售處分群組直接相關之負債（附註十三）
租賃負債（附註十七）
預收款項
流動負債總計

2540
2570
2580
2645
25XX
2XXX

111年12月31日
額

金

$ 200,457,937

100

$

31,998,940
14,704
90,182
26
43,214,556
112
21,194,927
83
6,591,918
1,048,544
384,168
360,829
5,030,268
109,929,257

16
22
11
3
1
3
55

非流動負債
長期借款（附註二一）
遞延所得稅負債
租賃負債（附註十七）
存入保證金
非流動負債總計

3,000,000
2,073,178
816,846
128,607
6,018,631

負債總計

計

36XX

非控制權益

47
2
18
1
13
1
83

1,094,762
2,071,143
515,183
1,792,300
18,610,194
1,771,622
1,213,243
3,672,334
2,116,537
265,372
113,789
110,514
33,346,993

$

$

％

70,506,662
16,131,758
3,042
594,295
547,941
44,518,919
14,726
923,318
31,448,701
2,966,646
167,656,008

35
8
22
15
1
83

1
1
1
10
1
1
2
1
17

1,607,817
1,970,070
312,308
1,838,178
19,370,631
1,766,602
1,261,787
3,687,631
2,911,002
358,854
46,309
109,910
35,241,099

1
1
1
10
1
1
2
1
17

$ 199,781,737

100

$ 202,897,107

100

$

32,628,984
253,441
79,782
59
44,883,340
15,842
22,630,490
19,378
5,609,887
1,125,550
359,221
4,175,135
111,781,109

16
22
11
3
1
2
56

$

33,900,130
857,799
2,731
63
48,095,811
30,243
21,410,620
634
6,606,865
1,124,499
372,902
4,582,766
116,985,063

17
24
11
3
1
2
58

1
1
3

3,000,000
2,212,812
691,734
108,955
6,013,501

2
1
3

3,000,000
2,477,349
771,720
149,834
6,398,903

1
1
3

115,947,888

58

117,794,610

59

123,383,966

61

23,682,458
23,168,789

12
12

23,630,830
22,706,153

12
11

23,508,670
22,811,662

12
11

18,258,300
2,908,326
20,121,164
41,287,790
854,472 )
3,445,820 )
83,838,745

9
1
10
21
2)
42

16,780,649
3,214,551
21,736,118
41,731,318
3,243,884 )
3,468,412 )
81,356,005

8
2
11
21
2)
2)
41

16,780,649
3,214,551
17,820,595
37,815,795
1,771,929 )
3,468,412 )
78,895,786

8
2
9
19
1)
2)
39

益

(
(

權益總計
負 債 與 權 益 總 計

(

(
(

(
(

(
(

(
(

671,304

-

631,122

-

617,355

-

84,510,049

42

81,987,127

41

79,513,141

39

$ 200,457,937

100

$ 199,781,737

100

$ 202,897,107

100

後附之附註係本合併財務報告之一部分。
（ 請 參 閱 勤 業 眾 信 聯 合 會 計 師 事 務 所 民 國 112 年 10 月 30 日 核 閱 報 告 ）

董事長：宋明峰

111年9月30日
額

金

1,462,668
1,985,324
465,790
1,888,176
19,078,678
1,648,994
1,236,643
3,692,521
2,804,527
350,419
107,332
107,451
34,828,523

總

94,834,407
4,268,302
21,625
241,551
528,519
36,663,038
1,215,350
26,014,861
852,536
2,470,755
167,110,944

％

1
1
1
9
1
1
2
1
17

產

$

％

46
1
19
1
14
1
83

3310
3320
3350
3300
3400
3500
31XX

3XXX

112年9月30日
額

金

91,065,529
2,799,938
484,791
609,573
38,127,682
1,562,769
17,710
27,747,465
2,537,757
164,953,214

歸屬於母公司業主權益
股
本
普通股股本
資本公積
保留盈餘
法定盈餘公積
特別盈餘公積
未分配盈餘
保留盈餘總計
其他權益
庫藏股票
母公司業主權益總計

3110
3200

產

經理人：邱森彬

會計主管：蕭庭宇

- 5 -

