中國鋼鐵股份有限公司及子公司
合併資產負債表
民 國 112 年 3 月 31 日 暨 民 國 111 年 12 月 31 日 及 3 月 31 日
單位：新台幣千元
代 碼
1100
1110
1120
1139
1140
1150
1160
1170
1180
1200
1220
130X
1460
1476
1479
11XX

資
產
流動資產
現金及約當現金（附註六）
透過損益按公允價值衡量之金融資產－流動（附註七）
透過其他綜合損益按公允價值衡量之金融資產－流動（附註八）
避險之金融資產－流動（附註九）
合約資產－流動（附註二十四）
應收票據（附註十）
應收票據－關係人（附註十及三十）
應收帳款淨額（附註十）
應收帳款－關係人（附註十及三十）
其他應收款（附註三十）
本期所得稅資產
存貨（附註十一）
待出售非流動資產
其他金融資產－流動（附註十三及三十一）
其他流動資產
流動資產合計

1510
1517
1538
1550
1600
1755
1760
1780
1840
1920
1980
1995
15XX

非流動資產
透過損益按公允價值衡量之金融資產－非流動（附註七）
透過其他綜合損益按公允價值衡量之金融資產－非流動（附註八）
避險之金融資產－非流動（附註九）
採用權益法之投資（附註十二）
不動產、廠房及設備（附註十四及三十一）
使用權資產（附註十五及三十一）
投資性不動產（附註十六及三十一）
無形資產
遞延所得稅資產
存出保證金
其他金融資產－非流動（附註十三及三十一）
其他非流動資產
非流動資產合計

1XXX

資產總計

代 碼
2100
2110
2120
2126
2130
2150
2170
2180
2200
2230
2250
2280
2321
2322
2365
2399
21XX

負
債
及
權
流動負債
短期借款及銀行透支（附註十七及三十一）
應付短期票券（附註十七）
透過損益按公允價值衡量之金融負債－流動（附註七）
避險之金融負債－流動（附註九）
合約負債－流動（附註二十四）
應付票據
應付帳款（附註十九）
應付帳款－關係人（附註十九及三十）
其他應付款（附註二十及三十）
本期所得稅負債
負債準備－流動（附註二十一）
租賃負債－流動（附註十五）
一年內到期應付公司債（附註十八）
一年內到期銀行長期借款（附註十七及三十一）
退款負債－流動
其他流動負債
流動負債合計

2511
2527
2530
2541
2542
2550
2570
2580
2640
2670
25XX

非流動負債
避險之金融負債－非流動（附註九）
合約負債－非流動（附註二十四）
應付公司債（附註十八）
銀行長期借款（附註十七及三十一）
長期應付票券（附註十七）
負債準備－非流動（附註二十一）
遞延所得稅負債
租賃負債－非流動（附註十五）
淨確定福利負債
其他非流動負債
非流動負債合計

2XXX

$

18,355,108
3,231,145
6,409,530
4,654,259
6,596,613
1,911,767
10,868,997
421,844
2,077,930
54,003
130,694,799
19,975
12,530,602
5,598,102
203,424,674

3
1
1
1
2
19
2
1
30

863,880
48,452,981
1,079,502
14,301,353
369,806,810
13,312,490
9,723,870
1,300,783
8,821,671
836,484
3,291,695
2,735,518
474,527,037

7
2
56
2
2
1
70

$

677,951,711

100

$

28,481,775
74,419,793
690
227,175
4,787,158
1,480,111
17,332,453
12,142
20,272,558
4,089,205
7,560,432
1,141,150
12,224,512
3,347,631
1,871,069
1,186,858
178,434,712

4
11
1
3
3
1
1
2
26

1,029,921
37,575
46,812,335
42,231,352
20,208,725
854,726
14,004,331
10,848,809
5,388,050
1,228,782
142,644,606

3310
3320
3350
3300
3400
3500
31XX
36XX

非控制權益

3XXX

權益合計

3X2X

負債及權益總計

111 年 12 月 31 日（經查核）
金
額
%
$

29,197,614
2,629,089
5,428,806
3,125,323
7,172,302
1,906,064
272
11,315,075
114,832
2,075,383
79,688
131,515,763
9,130,272
6,674,611
210,365,094

5
1
1
2
20
1
1
31

869,532
48,614,893
814,630
14,565,313
370,248,034
12,323,990
9,759,107
1,343,993
8,262,336
1,070,477
3,185,310
2,346,688
473,404,303

7
2
56
2
1
1
69

$

683,769,397

100

$

49,668,589
37,980,878
243,447
4,297,357
1,545,218
14,588,899
23,600
26,024,196
3,772,877
5,737,290
1,255,361
12,224,635
5,220,738
2,466,410
1,396,851
166,446,346

7
6
1
2
4
1
1
2
1
25

7
6
3
2
2
1
21

1,046,631
37,575
50,122,943
51,571,254
26,557,580
821,937
13,757,387
9,727,326
5,605,470
1,229,504
160,477,607

321,079,318

47

157,348,610
382,680
157,731,290
40,284,875

111 年 3 月 31 日（經核閱）
金
額
%
$

27,396,342
3,559,206
5,737,434
1,796,249
8,445,483
2,443,656
136
14,301,611
152,892
2,137,215
628,398
140,695,684
322,185
9,723,080
5,853,304
223,192,875

5
1
1
2
21
1
1
32

909,834
55,187,741
643,761
13,942,802
372,083,606
12,511,532
9,420,234
1,440,172
8,741,341
1,216,758
3,055,050
3,028,470
482,181,301

8
2
54
2
1
1
68

$

705,374,176

100

$

28,000,336
20,129,146
3,452
1,304,168
6,418,047
1,589,306
25,206,210
383,019
28,101,654
15,761,097
7,592,565
1,063,603
20,974,117
4,894,876
3,846,982
1,677,168
166,945,746

4
3
1
4
4
2
1
3
1
1
24

7
8
4
2
1
1
23

2,219
72,086
58,839,370
25,068,019
15,266,059
1,094,330
14,818,096
10,011,406
8,219,240
1,214,195
134,605,020

8
4
2
2
2
1
19

326,923,953

48

301,550,766

43

23
23
6

157,348,610
382,680
157,731,290
40,275,115

23
23
6

157,348,610
382,680
157,731,290
39,279,107

22
22
5

72,765,975
26,914,424
35,144,616
134,825,015
(4,937,996)
(8,649,421)
319,253,763

11
4
5
20
(1)
(1)
47

72,765,975
26,914,657
35,708,731
135,389,363
(4,844,120)
(8,649,421)
319,902,227

11
4
5
20
(1)
(1)
47

66,611,343
27,639,359
81,780,204
176,030,906
(1,373,386)
(8,649,421)
363,018,496

9
4
12
25
(1)
51

37,618,630

6

36,943,217

5

40,804,914

6

356,872,393

53

356,845,444

52

403,823,410

57

677,951,711

100

683,769,397

100

705,374,176

100

益

負債合計
歸屬於本公司業主之權益（附註二十三）
股
本
普 通 股
特 別 股
股本合計
資本公積
保留盈餘
法定盈餘公積
特別盈餘公積
未分配盈餘
保留盈餘合計
其他權益
庫藏股票
本公司業主之權益合計

3110
3120
3100
3200

112 年 3 月 31 日（經核閱）
金
額
%

$

$

$

後附之附註係本合併財務報告之一部分。

董事長：

經理人：總經理：

財務副總經理：

-4-

會計主管：

