聯華電子股份有限公司及子公司
合 併 綜 合 損 益 表
民國一一一年及一一○年七月一日至九月三十日、一月一日至九月三十日
(僅經核閱，未依一般公認審計準則查核)
(金額除每股盈餘外，均以新臺幣千元為單位)

代

碼

項

目

4000 營業收入
5000 營業成本
5950 營業毛利
營業費用

附

註

六.21及七
六.6、六.10、六.15、
六.20、六.21、六.22及七

一一一年七月一日

一一○年七月一日

一一一年一月一日

至九月三十日

至九月三十日

至九月三十日

金

額

金

%

額

金

%

額

一一○年一月一日
至九月三十日
%

金

額

%

$ 75,391,589

100.00

$ 55,906,677

100.00

$210,869,549

100.00

$153,911,430

100.00

(39,727,658)

(52.70)

(35,362,666)

(63.25)

(114,229,111)

(54.17)

(104,965,145)

(68.20)

35,663,931

47.30

20,544,011

36.75

96,640,438

45.83

48,946,285

31.80

六.5、六.10、六.15、
六.20、六.22及七

6100

推銷費用

(1,060,571)

(1.41)

(1,211,861)

(2.17)

(3,230,229)

(1.53)

(3,431,977)

(2.23)

6200

管理費用

(2,427,887)

(3.22)

(2,118,592)

(3.79)

(7,234,202)

(3.43)

(5,825,523)

(3.78)

6300

研究發展費用

(3,304,471)

(4.38)

(3,303,295)

(5.91)

(9,546,769)

(4.53)

(9,520,603)

(6.19)

6450

預期信用減損利益(損失)

(650)

(0.00)

(2,069)

(0.00)

(2,388)

(0.00)

8,973

0.01

(6,793,579)

(9.01)

(6,635,817)

(11.87)

(20,013,588)

(9.49)

(18,769,130)

(12.19)

6000

營業費用合計

6500 其他收益及費損淨額

六.16及六.23

6900 營業利益

1,286,907

1.71

1,226,942

2.19

4,028,600

1.91

3,892,826

2.53

30,157,259

40.00

15,135,136

27.07

80,655,450

38.25

34,069,981

22.14

營業外收入及支出
7100

利息收入

567,459

0.75

152,137

0.27

1,022,139

0.48

421,764

0.27

7010

其他收入

1,927,245

2.56

772,409

1.38

2,134,827

1.01

1,359,703

0.88

7020

其他利益及損失

六.24

(1,476,153)

(1.96)

442,673

0.79

(830,069)

(0.39)

3,056,166

1.99

7050

財務成本

六.24

(450,828)

(0.60)

(570,159)

(1.01)

(1,433,798)

(0.68)

(1,455,397)

(0.94)

7060

採用權益法認列之關聯企業及合資損益之份額 六.7

7230

外幣兌換利益

7000

營業外收入及支出合計

7900 稅前淨利
7950 所得稅費用

六.26

8200 本期淨利
其他綜合損益

327,916

0.44

3,355,858

6.00

(3,557,052)

(1.69)

6,003,910

3.90

1,292,810

1.71

163,806

0.29

3,579,599

1.70

173,173

0.11

2,188,449

2.90

4,316,724

7.72

915,646

0.43

9,559,319

6.21

32,345,708

42.90

19,451,860

34.79

81,571,096

38.68

43,629,300

28.35

(5,003,346)

(6.63)

(2,099,917)

(3.75)

(12,672,667)

(6.01)

(4,521,858)

(2.94)

27,342,362

36.27

17,351,943

31.04

68,898,429

32.67

39,107,442

25.41

(2,346,582)

(3.11)

(657,159)

(1.17)

(7,041,947)

(3.34)

3,135,224

2.04

(905,389)

(1.20)

660,665

1.18

(3,558,905)

(1.69)

2,259,582

1.47

(29,445)

(0.04)

(57,127)

(0.10)

(190,740)

(0.09)

(117,822)

(0.08)

7,622,357

10.11

(314,200)

(0.56)

12,755,060

6.05

(4,002,655)

(2.60)

54,033

0.07

(3,520)

(0.01)

166,724

0.08

(44,344)

(0.03)
0.01

六.25

不重分類至損益之項目
8316

透過其他綜合損益按公允價值衡量之
權益工具投資未實現評價損益

8320

採用權益法認列之關聯企業及合資之其他綜合
損益之份額-不重分類至損益之項目

8349

與不重分類之項目相關之所得稅

六.26

後續可能重分類至損益之項目
8361

國外營運機構財務報表換算之兌換差額

8370

採用權益法認列之關聯企業及合資之其他綜合
損益之份額-可能重分類至損益之項目

8399

與可能重分類之項目相關之所得稅

(59,455)

(0.08)

1,268

0.00

(122,002)

(0.06)

21,028

4,335,519

5.75

(370,073)

(0.66)

2,008,190

0.95

1,251,013

0.81

$ 31,677,881

42.02

$ 16,981,870

30.38

$ 70,906,619

33.62

$ 40,358,455

26.22

六.26

8300 本期其他綜合損益(淨額)
8500 本期綜合損益總額
淨利(損)歸屬於：
8610

母公司業主

$ 26,996,184

35.81

$ 17,460,235

31.23

$ 68,130,535

32.31

$ 39,831,225

25.88

8620

非控制權益

346,178

0.46

(108,292)

(0.19)

767,894

0.36

(723,783)

(0.47)

$ 27,342,362

36.27

$ 17,351,943

31.04

$ 68,898,429

32.67

$ 39,107,442

25.41

綜合損益總額歸屬於：
8710

母公司業主

$ 31,331,661

41.56

$ 17,090,163

30.57

$ 70,138,636

33.26

$ 41,082,256

26.69

8720

非控制權益

346,220

0.46

(108,293)

(0.19)

767,983

0.36

(723,801)

(0.47)

$ 31,677,881

42.02

$ 16,981,870

30.38

$ 70,906,619

33.62

$ 40,358,455

26.22

每股盈餘

六.27

9750

基本每股盈餘

$

2.19

$

1.43

$

5.54

$

3.26

9850

稀釋每股盈餘

$

2.14

$

1.41

$

5.38

$

3.21

(請 參 閱 合 併 財 務 報 告 附 註)
董事長：洪嘉聰

經理人：簡山傑、王石

7

會計主管：劉啟東

